MWVC_Model
21 Layers
Graph_Layer

Linear_Layer
Weights: 5 32
-0.315585 0.0735181 0.0500934 0.267595 0.12518 -0.10701 -0.465389 -0.22197 0.0498865 0.34274 0.246648 0.0599293 0.024562 -0.0852671 -0.124882 -0.157721 -0.00867236 -0.21996 -0.20686 0.0434264 -0.199231 -0.338678 -0.386649 -0.0819814 -0.327639 -0.118851 -0.162943 0.105616 0.0419305 -0.36604 -0.389871 0.372596 
-0.256943 0.627572 0.306524 -0.174658 -0.294742 0.368397 -0.243307 -0.00332554 0.364855 1.83662 -0.368529 0.779451 0.176324 -0.11017 -0.408067 0.0118343 0.318025 0.211553 0.159996 -0.33007 0.0432002 0.54296 0.544731 0.308624 0.0103263 -0.0149051 -0.263229 0.319701 0.00433112 0.331393 -0.214021 -1.60961 
-0.399592 -0.213 -0.276299 -0.235975 -0.081777 -0.362234 -0.265217 0.0641789 -0.0117814 -0.185574 -0.191845 -0.249073 -0.34132 -0.155352 -0.0767189 0.0271664 -0.252512 -0.168851 -0.197045 -0.379788 -0.265658 -0.368557 0.00083156 -0.221979 -0.29379 -0.284235 -0.0905669 -0.474682 -0.148697 -0.343676 -0.0683187 0.477311 
-0.289543 0.282414 -0.0224732 -0.108876 -0.0851211 0.449513 -0.217428 0.394858 -0.284046 1.98644 0.0150593 0.701242 -0.349121 -0.160982 0.0513982 0.394593 -0.0661233 0.196712 -0.339074 0.176536 0.050527 0.658567 0.310261 -0.182505 0.132237 -0.245285 -0.253732 0.315127 0.345009 0.340743 -0.405436 -1.29248 
0.310437 -0.487742 -0.105633 0.0453621 -0.263683 0.0125648 0.00460514 -0.0476272 -0.164733 -0.404534 -0.0982838 -0.596282 0.227266 0.117574 0.152281 -0.263333 0.0471981 -0.10538 0.309492 0.305492 -0.0151196 -0.186644 -0.158937 -0.302086 -0.0465992 0.256584 0.0229704 0.277314 0.015222 -0.152322 -0.224092 0.343924 

Bias: 1 32
0.389846 0.555811 0.0221498 -0.120412 0.172924 0.464536 -0.444891 -0.363603 -0.0139989 0.714023 0.472572 0.530213 0.375815 -0.397161 -0.236706 -0.235757 -0.0317259 -0.219089 0.0368747 -0.236333 0.115664 0.887897 0.0221465 0.0341943 0.0519786 0.147163 0.0728998 -0.273505 -0.182589 -0.13197 0.125044 -0.175027 


ReLU_Activation

Linear_Layer
Weights: 32 32
-0.167622 -0.0255971 0.136328 -0.0813042 -0.0749017 0.0674644 -0.0699874 -0.136403 0.101659 0.161311 -0.0611124 -0.0360931 0.126972 -0.00711355 -0.0182728 0.0860103 0.0169904 -0.0167245 -0.0497403 0.0533724 -0.134976 0.130652 -0.12399 0.0812604 -0.0192455 -0.0594453 0.0807627 0.0927473 -0.0138157 -0.000524618 0.0322895 0.124423 
0.209372 0.139796 -0.0461598 0.0526115 -0.10878 -0.0139599 -0.0525777 -0.016537 -0.148074 0.0969708 -0.160716 -0.117343 -0.0781524 -0.045005 -0.101665 -0.0701761 0.017523 -0.081322 0.0615334 0.41153 0.0671433 -0.0741431 0.53749 0.0734129 -0.0304545 0.149376 -0.00173988 -0.0217183 0.0234913 -0.0308518 0.0634789 0.0143624 
-0.148972 -0.153935 -0.0722678 -0.133483 -0.18522 -0.0578221 -0.00742899 -0.100346 -0.176337 -0.163478 0.094655 0.0779351 -0.13494 -0.0410469 0.0291235 -0.135983 -0.0385408 -0.20768 0.0505694 0.157961 0.156875 -0.112304 0.0146654 -0.00970633 -0.202698 -0.0388686 -0.284215 -0.0839183 -0.142601 0.0251635 0.0671377 -0.00789085 
0.0616549 -0.109415 0.113913 0.0215902 -0.0675157 0.118178 -0.117338 0.0529536 -0.161967 0.019897 -0.0451909 0.0017231 0.145181 0.0880489 0.0249009 0.00333038 0.135627 -0.15668 0.00595591 0.091709 0.0793965 -0.0264597 -0.0389419 -0.122239 0.165188 0.113365 -0.0565305 0.103712 -0.124408 0.123598 0.141706 -0.1513 
-0.142378 -0.0770517 -0.186909 0.0398689 -0.0528244 -0.0581444 -0.219639 -0.0951817 -0.0403991 0.108626 -0.0464106 -0.180347 0.22181 0.0624818 -0.15963 -0.108527 0.141359 0.0280191 -0.20113 0.0271613 0.0983118 -0.191296 -0.0479324 -0.150026 -0.0108103 -0.210671 -0.0683172 -0.0987543 -0.177274 0.076618 0.115933 -0.0231906 
0.23296 -0.172794 -0.244833 -0.203271 -0.0392457 -0.093247 -0.0369404 -0.0398421 -0.173552 -0.126585 -0.0738928 -0.170804 0.169288 -0.234654 -0.149484 -0.00958955 -0.0532561 -0.0831951 -0.0610661 0.352138 -0.149054 -0.0598046 0.0915766 -0.0336408 -0.00871821 -0.13294 -0.0832035 0.113128 -0.042096 -0.0101843 -0.0887552 -0.236818 
-0.0944347 0.0263612 0.0544355 -0.0940078 0.0443798 -0.0365569 0.00638212 0.110574 0.0920334 -0.0950931 -0.0371223 -0.22031 -0.150126 0.0496256 -0.00621792 0.026705 -0.00259389 0.089038 -0.135317 -0.123043 -0.164062 -0.148923 -0.127492 -0.0823284 0.0146979 -0.0851037 -0.217729 -0.159784 -0.0219008 0.141122 -0.0904024 0.00121 
-0.0326516 0.0722338 0.0797267 0.0922097 -0.0768383 0.103414 -0.170025 -0.157009 -0.109554 -0.0730961 -0.13019 -0.0149417 -0.147178 -0.168106 0.207904 -0.106619 0.0209452 -0.149112 0.171558 -0.10813 0.07793 -0.141396 -0.0795212 -0.109855 0.12114 -0.0352518 0.0497999 -0.131405 0.163752 -0.0733512 0.0206819 0.0907271 
-0.0540627 -0.0284719 -0.0949312 -0.228578 -0.146055 -0.123989 0.00813428 -0.202008 0.114177 0.000855844 -0.0626511 -0.24015 0.00370649 0.034417 -0.0476237 0.116193 0.088999 -0.0481539 0.0257617 -0.133595 -0.00752173 -0.00591342 -0.00202059 0.132744 0.00169293 -0.035945 0.104061 0.0857175 0.0569145 -0.0803302 -0.075177 0.0718804 
0.0628869 0.0178731 0.291135 -0.00431396 -0.056186 -0.0248309 -0.170527 -0.0318908 0.160081 -0.228319 0.0952979 -0.109511 -0.146455 -0.0294872 0.0525001 -0.0911143 -0.0392542 -0.222958 0.0342036 0.814077 0.0343654 0.109797 0.413024 0.0106194 -0.0229995 -0.0215462 0.309765 0.416477 0.0521242 -0.198057 0.149628 -0.0163392 
0.130816 0.0633615 -0.101098 0.0676472 -0.094897 -0.0524724 -0.0500019 -0.157696 -0.0515788 0.100266 0.0510646 -0.0520342 0.0568913 -0.0610934 -0.0102565 -0.0294445 -0.0374156 0.030344 -0.184172 -0.240942 0.132028 -0.106728 0.0687801 0.082863 0.0595892 0.07539 -0.127854 -0.150575 0.146304 -0.0848884 -0.00112112 0.064216 
0.339927 -0.0903582 -0.273007 -0.0200944 0.0705962 -0.102656 -0.227649 0.0547116 -0.102271 0.0578286 0.0577406 -0.123444 0.065936 0.112694 -0.0647583 -0.167271 0.0400687 -0.0233999 -0.118668 0.339153 -0.0113914 -0.0774096 0.612444 -0.171061 -0.0332298 -0.109498 0.0511845 0.107357 0.127679 0.127258 -0.145508 0.0164265 
0.202231 0.0594656 0.102715 -0.0265254 -0.143496 0.0943883 -0.000721313 0.00201115 -0.181368 -0.112522 0.000519713 0.161354 0.112482 0.112674 0.0630683 -0.0789444 -0.105538 0.0176113 -0.0130485 0.0309495 -0.0771633 -0.0628686 0.0623183 -0.136525 0.034992 0.151312 0.0978275 0.057604 0.0979246 -0.050449 -0.0423485 -0.0221724 
0.102891 -0.155773 -0.0560555 -0.0981399 0.062612 -0.0425302 -0.0608365 -0.147383 -0.000470281 -0.0524033 -0.000136271 0.148002 -0.0199076 -0.0957699 -0.0477322 -0.0788196 -0.137369 -0.120185 -0.0603007 0.0131171 0.148485 0.118976 0.0046064 -0.112987 0.0852311 -0.166936 -0.00395015 0.164622 -0.142861 -0.138377 -0.169877 -0.0115666 
0.139561 0.117565 -0.0611362 0.0328048 0.0889515 0.0926961 0.134925 0.120491 0.127238 -0.174037 -0.136471 -0.13334 -0.0279027 -0.0440855 -0.151182 0.03251 -0.143804 -0.0859372 0.143796 -0.152601 0.120869 0.166758 -0.0377945 -0.152183 -0.124773 -0.0163989 -0.0801262 -0.15588 0.170447 -0.052812 -0.0865849 0.0103941 
-0.0141474 0.164258 -0.0529365 -0.0506097 -0.105448 0.157005 0.130714 0.104431 -0.0306912 0.143444 -0.00208184 -0.0429268 0.156811 -0.0184211 -0.17265 -0.12611 0.100058 -0.109678 -0.0500781 0.15558 0.139856 -0.123201 -0.0858959 0.107307 0.123682 0.13424 0.0334696 -0.0518936 0.00867361 -0.0587822 0.0856577 0.0363168 
-0.106346 -0.139326 -0.00732363 -0.0579477 0.00904731 -0.117845 -0.214399 0.0219842 -0.097612 -0.0833145 -0.000165486 -0.294788 0.177502 -0.0918958 -0.13082 -0.0223494 -0.0029563 0.0102989 0.363533 -0.000169096 -0.15725 0.0544877 -0.0586586 0.0944378 -0.0747485 -0.18547 0.391745 0.263424 -0.077085 -0.0573122 -0.162632 0.165223 
0.0431057 0.089917 -0.0106644 0.103379 -0.151913 -0.0855961 -0.10875 0.112113 -0.0495311 -0.0677142 0.0175291 0.102096 0.0937702 0.12103 0.00179611 -0.154583 -0.101756 -0.0778067 -0.0401756 -0.0356059 0.0302956 -0.00600494 -0.161208 0.130974 -0.143032 0.156682 0.104281 -0.0184929 0.0707479 -0.167129 0.150643 0.0927366 
-0.0188772 0.096929 -0.162254 0.119914 -0.0757873 0.148241 -0.0205059 0.0166654 -0.0610375 -0.0220898 0.0164264 -0.140813 0.0517342 -0.085594 0.00694922 -0.0432085 -0.021183 -0.11658 -0.0918723 -0.0779329 -0.138886 0.12269 0.0927194 0.0100946 -0.0905309 -0.156275 0.166026 -0.0083381 -0.171209 0.165074 -0.0428058 -0.00348139 
0.158457 -0.173817 -0.0541898 -0.107233 -0.0136925 0.0110832 -0.115634 -0.136079 0.0348365 0.0976137 -0.145504 -0.13368 0.14905 0.126165 0.0828936 -0.0623575 -0.0936593 0.125782 -0.039201 -0.135801 0.128221 -0.0226494 0.0975034 -0.0187482 0.0145673 -0.0824879 -0.0320442 -0.113926 0.10735 0.0106494 0.0364298 0.0499564 
0.00349481 0.101151 4.07547e-05 0.0134158 -0.00044176 -0.000473309 -0.0672366 -0.155195 0.0993999 -0.167225 0.0534933 -0.171183 0.0370556 -0.140534 -0.169883 -0.0614073 0.0757053 -0.0969661 0.0229779 -0.079783 -0.0431109 -0.146486 -0.00912374 -0.156292 0.126776 0.162648 0.122415 0.0827833 0.0136663 0.111769 0.0050097 0.109572 
0.374076 -0.174669 -0.202607 -0.0107388 0.0544687 0.120606 0.0243753 -0.0714816 -0.176149 0.03881 0.0493225 -0.000898688 0.0107653 -0.190835 -0.0686549 -0.0876249 0.269771 0.0784107 -0.0361408 0.514442 -0.168966 0.0880801 0.693632 0.0594641 -0.134002 -0.14013 -0.348346 0.192623 0.128559 0.00115255 -0.109424 -0.166209 
0.186123 0.140704 -0.0805533 -0.0239214 0.162058 -0.00249006 0.138502 -0.102628 -0.0748846 0.12595 -0.155926 -0.157724 -0.107756 0.118611 -0.0771401 -0.0122614 0.0883198 0.0816523 0.0983108 0.217085 0.0301026 -0.0528136 0.304125 -0.0452778 0.0568029 0.0746831 0.0114445 0.0501196 0.183697 -0.0691165 -0.0474659 -0.119352 
0.055519 0.0118465 0.126581 -0.00694191 -0.049582 -0.0188344 0.0485065 -0.0262638 0.101537 0.150245 0.138354 -0.10953 0.04327 0.0268791 0.107465 0.0549719 -0.122332 0.0537524 0.0659881 0.0128409 -0.135241 0.166803 -0.00649724 -0.0986744 -0.0366154 -0.10642 -0.144508 0.0130471 0.0297366 0.169735 -0.119798 -0.08939 
0.0932331 0.0845317 -0.0676226 -0.108586 -0.0445063 0.165889 -0.12087 -0.0231151 0.142951 0.0101118 -0.0954901 -0.0883885 0.142742 -0.111247 -0.157114 0.130946 -0.1061 0.167773 -0.0351546 0.110138 -0.168534 -0.131995 -0.0402822 -0.0926057 0.170741 -0.0509802 -0.0240446 -0.0594989 -0.162467 -0.057948 -0.093369 -0.00881757 
-0.0357736 0.0777756 0.0933603 -0.0712524 0.0470005 -0.035103 -0.103677 0.144777 0.0507627 0.0476635 0.134555 0.0288364 -0.0024379 -0.016216 0.0150744 0.108049 -0.138361 0.019687 -0.0802573 0.120024 -0.0794016 -0.108491 0.0918922 0.149225 0.0325424 0.150084 0.109504 0.0380421 0.106891 -0.0102827 -0.0816287 -0.0234089 
-0.163577 -0.128702 0.0408479 -0.0767613 0.105244 0.145739 -0.0756804 -0.163345 0.165244 -0.154016 -0.104721 -0.139442 -0.022273 -0.13133 0.129017 0.123068 -0.0730521 -0.173059 -0.0526271 -0.110415 -0.154654 0.136805 0.085601 0.14073 -0.170118 -0.0470943 0.153069 0.102211 0.140429 0.157849 0.120615 -0.162742 
0.205124 0.0426528 -0.087353 0.0892137 0.039551 0.153101 -0.0280926 -0.0163656 -0.174087 0.092738 -0.11704 -0.0540247 -0.161463 -0.171392 0.0297544 -0.17106 0.0574058 0.0898556 0.0110577 -0.0229842 -0.059305 -0.010867 -0.0453593 -0.11097 0.0720984 0.00567666 -0.200429 -0.0139361 0.0582332 -0.185202 0.0549696 0.0637307 
-0.115969 -0.055028 0.106258 0.085793 0.0310849 0.0232691 -0.0500129 0.0616606 0.074091 -0.0397513 0.130427 -0.107864 0.0158731 -0.0961363 0.0496736 0.0306915 -0.138493 0.143119 0.0331704 0.112328 -0.0194742 -0.0501594 -0.0395615 -0.0631781 0.0614552 -0.0229436 -0.0355538 -0.0260955 -0.0375036 0.111857 -0.0453985 0.0898641 
-0.0797627 -0.0844575 -0.159393 -0.032965 -0.092451 0.0167153 0.000938997 0.0444021 -0.0221635 -0.126838 -0.115953 0.057816 0.0429702 -0.165369 -0.139622 0.148542 -0.0703582 -0.123912 -0.0125733 0.00374965 0.0920175 -0.0165958 0.0653637 -0.00774814 0.0618071 0.159747 0.126833 0.0330464 0.122063 0.048743 -0.133861 -0.0758926 
0.0812653 0.0563793 -0.227918 0.0728124 0.112197 0.0108356 -0.0699897 -0.181753 -0.0557036 0.0769649 -0.16335 -0.0908178 -0.0930201 0.0213097 -0.0527348 0.10412 -0.0522898 0.069249 -0.125017 -0.133285 0.0371128 -0.0623087 -0.0144124 0.0772896 0.124495 0.00859339 0.0106492 -0.0850741 0.104679 0.14114 0.160363 0.000887006 
-0.528945 -0.338989 0.0969347 -0.11428 -0.161134 -0.162983 -0.137958 -0.0357951 0.060657 -0.708764 -0.156566 -0.250514 0.412302 -0.043679 -0.120834 -0.141203 -0.306538 0.491328 -0.362598 -0.262372 -0.148397 -0.180641 -0.749081 -0.0773512 -0.247582 -0.107235 -0.380363 -0.0671029 -0.142982 -0.24102 -0.139729 -0.0570249 

Bias: 1 32
0.0880996 0.0709754 -0.0579199 -0.118119 -0.0777484 -0.12157 -0.0754106 0.0327237 0.0989254 -0.197843 -0.047773 -0.104751 -0.767802 -0.152609 -0.199007 -0.0875626 0.115534 -0.776573 -0.13768 0.775125 -0.193302 0.0606954 0.306439 -0.14029 -0.0116524 -0.223806 -0.112396 0.56531 -0.131285 -0.302408 -0.105495 -0.118038 


ReLU_Activation

Linear_Layer
Weights: 32 16
-0.0692953 -0.0379635 -0.113253 0.0846667 0.146287 -0.106427 0.583617 0.267688 0.0664926 0.376013 0.0236084 -0.161589 0.00372202 0.0823522 -0.100817 -0.110007 
0.0939164 0.0744065 0.134757 0.144669 0.0771688 0.0663053 -0.00759987 -0.0122962 -0.0192236 -0.175429 0.105293 -0.0627547 0.11654 -0.0349291 -0.094302 -0.106438 
0.107952 -0.0478281 -0.153577 -0.120513 -0.0671424 -0.00363096 -0.205087 0.180415 0.0702947 -0.194326 0.0722801 0.04537 0.171945 -0.00215691 0.0406845 0.160346 
-0.206317 0.0456302 -0.218546 0.00311383 0.207126 -0.245789 -0.0625499 0.383989 -0.066821 -0.173522 -0.147601 0.1449 -0.142194 -0.102784 -0.135636 -0.131113 
0.119641 -0.118439 0.047765 0.104514 0.170633 0.161688 0.151364 0.0365 0.123773 0.0626852 0.146624 -0.171492 0.0577155 0.159705 -0.0372333 0.0882722 
0.0288182 0.144876 -0.0448761 0.135792 -0.00882873 0.0946134 -0.0465153 -0.121964 -0.116027 -0.0286739 0.136071 -0.17239 0.0149064 0.171099 0.112559 0.144161 
-0.0497882 -0.410193 -0.158185 -0.19616 -0.113105 -0.0124901 0.0540527 -0.173829 -0.221371 -0.561004 -0.164518 0.45169 -0.141917 -0.140728 -0.0844266 0.0751322 
0.000186859 -0.158713 0.113383 0.100148 -0.166407 0.0167518 0.0309964 0.00478811 -0.126166 -0.0628335 0.149233 -0.0402926 0.0428049 0.145356 0.170601 0.0767937 
-0.0796095 0.0876168 0.0317998 0.134155 0.00792295 -0.125487 -0.0194115 0.0819655 0.119956 -0.260462 0.0348542 0.0508774 0.173196 -0.067098 0.0382287 -0.0812216 
0.0327004 -0.541824 -0.00232351 -0.0226833 -0.231626 -0.13096 -0.217892 -0.503487 -0.00925384 -0.3267 -0.170209 -0.218474 -0.098828 0.0235926 -0.172233 -0.151911 
0.10595 0.0178686 0.0231016 -0.0198764 0.148052 -0.0255281 -0.131921 -0.148605 -0.0864644 0.0918442 0.084191 -0.159428 -0.148875 0.116666 0.0577969 0.00524947 
-0.113298 0.0743836 -0.0524529 -0.143008 -0.165282 0.0188779 0.0293967 -0.056551 0.0206436 -0.0411391 -0.401957 -0.0158338 -0.146242 0.00795282 -0.0121564 -0.154723 
-0.0292123 0.371446 -0.169917 -0.147464 -0.0342498 -0.0284908 -0.299129 -0.398396 0.0667991 -0.0191873 0.0668629 0.0681675 -0.0465794 -0.19673 -0.0439767 -0.145586 
0.0783549 -0.0612396 0.116914 0.00390668 0.100966 0.0290635 -0.074125 -0.0665921 0.123608 0.143513 0.0196229 0.025151 0.149798 0.102159 -0.0244868 0.0868021 
-0.0804692 0.0353011 -0.121742 -0.142456 -0.209168 0.0437028 -0.304717 -0.0713281 0.110221 -0.195975 -0.554249 -0.215241 -0.239074 -0.0746715 -0.0333213 -0.0846984 
-0.0312213 -0.000790179 -0.110897 0.144682 -0.108592 0.0535322 0.150137 0.0940009 0.082716 -0.0220788 0.0479487 -0.137443 0.113419 -0.0145316 0.108867 -0.140536 
0.045772 0.109346 -0.140111 -0.126448 -0.151811 -0.0404675 0.167645 0.179483 -0.0672356 -0.00244837 -0.114388 -0.0224823 0.135226 -0.0489664 -0.0190736 -0.0621777 
-0.198374 -1.1779 -0.247433 -0.00884489 -0.310997 -0.204497 -0.34131 -0.45427 -0.15068 -0.683587 -0.228416 -0.38539 -0.117271 -0.233657 -0.0869982 -0.0831346 
0.00249938 -0.232705 0.0511673 -0.00987156 -0.138501 0.0466135 0.0164069 -0.253453 0.0472055 0.0428213 -0.0987046 -0.169725 -0.0160064 -0.126431 -0.0516065 0.145408 
-0.131816 -0.0117753 0.0396453 -0.0389837 -0.14476 -0.114611 0.216727 0.988839 -0.175131 0.295258 -0.153893 -0.00743915 0.0487878 -0.158565 -0.186836 -0.0516868 
-0.132747 0.200033 0.144973 -0.00417279 -0.0369676 0.115 -0.162337 -0.188898 -0.0883599 -0.0304592 -0.140062 -0.122917 0.0380889 0.0752265 -0.128658 0.131701 
-0.0642673 -0.162337 -0.09152 -0.0218815 -0.173863 -0.131228 0.0929866 -0.139062 -0.0394923 -0.0567314 0.0660332 -0.00554755 -0.0683981 0.134269 0.172529 0.143168 
-0.195997 -0.0392485 -0.0781147 0.0422443 0.0967425 0.0124497 0.878415 0.339198 -0.0102343 0.799638 0.108585 -0.164437 0.0168488 -0.0794406 -0.0614437 0.0261171 
0.0961394 -0.449473 -0.114785 -0.115874 -0.0355357 0.103529 -0.17537 -0.178917 -0.287402 -0.484235 0.0294419 0.165707 0.0903802 -0.332561 -0.0279673 -0.0486659 
-0.12379 -0.0122748 -0.211654 -0.193364 -0.252598 -0.0469437 -0.193674 -0.0631776 -0.117513 0.0738861 -0.517436 0.00329805 -0.18169 0.0498725 -0.178002 0.0731098 
-0.0885007 -0.0476104 0.0180214 0.0260415 -0.153777 -0.172209 0.054371 -0.00925866 0.188222 0.087006 -0.22417 -0.299185 -0.0620898 -0.0771439 -0.180371 -0.297954 
0.0281095 0.125663 -0.119989 0.116674 -0.112588 -0.289909 -0.178563 -0.460956 -0.162555 -0.0198657 -0.0454334 0.0135364 0.00814389 -0.331942 0.047273 0.0726645 
-0.023675 -0.0374604 -0.244851 -0.105474 -0.00679847 0.071395 -0.0411077 0.346044 -0.091844 -0.109939 -0.150395 0.0104008 -0.0977824 -0.460706 -0.0766687 -0.0583543 
0.100217 0.130477 -0.00593749 0.0732243 -0.15504 0.042453 0.0616974 0.180121 -0.0337063 0.213731 0.0397195 0.0735623 -0.14544 0.103395 0.03872 0.133976 
-0.0603757 -0.484517 -0.165694 -0.170186 -0.254232 -0.00231017 -0.149419 -0.416376 -0.152164 -0.224989 -0.486868 -0.337733 -0.214125 0.0922923 -0.114787 -0.155423 
0.167133 -0.00196462 -0.0955285 0.156024 0.012618 -0.0913643 -0.0379549 -0.0649299 0.170384 -0.0191586 0.0161895 -0.143214 0.167577 -0.100125 -0.0696551 0.128678 
-0.143002 -0.156492 -0.122328 0.0241716 0.0654108 -0.148963 -0.019645 0.152815 -0.106848 -0.0145017 0.10942 0.00614377 -0.162071 -0.287993 -0.0317655 0.00956295 

Bias: 1 16
-0.172947 -0.186132 0.0464774 -0.212013 -0.175035 -0.121147 0.0990689 1.85436 -0.324346 -0.289404 -0.00812372 -0.192214 -0.000708522 -0.150813 -0.211338 -0.143902 


ReLU_Activation

Graph_Layer

Linear_Layer
Weights: 35 32
0.0177494 -0.176063 -0.114268 -0.133943 -0.030561 0.0442147 -0.0335789 -0.147623 -0.040689 -0.115941 0.168101 0.0592479 0.0385433 0.0349853 -0.00468935 0.024753 0.0800975 -0.0788451 -0.063213 -0.0131508 -0.0516865 -0.115478 -0.0651841 0.0315744 -0.118371 0.12712 0.134442 -0.136167 0.1942 -0.0685218 0.0172878 -0.0579054 
-0.067351 0.107053 0.677996 -0.167766 -0.190529 -0.0877875 -0.0496554 -2.53463 -0.0168736 0.18208 0.287609 -0.0678584 0.563376 -0.138335 -0.12892 -0.121475 -0.182059 -0.164566 -0.152056 0.510724 -0.0560042 -0.0808793 0.0383942 -0.0305416 -0.107678 -0.0692448 0.455718 -0.000742155 -0.240334 -0.143369 -0.180693 0.396223 
0.0495678 -0.0973985 -0.044148 -0.124383 0.167293 -0.0749789 -0.0340147 0.328612 0.0769475 -0.083456 0.0505774 -0.098339 -0.0127755 0.125619 -0.09685 0.0746634 0.0361198 0.128289 0.116314 0.135238 0.0678524 0.135717 -0.193049 -0.103744 0.125837 -0.118843 -0.0132049 0.130249 0.0515467 -0.0156205 -0.128627 -0.101578 
0.156412 -0.213185 0.00663067 0.14677 -0.125435 -0.0290522 -0.113777 -0.0806522 -0.0444335 -0.0335462 -0.122034 0.225633 -0.279614 -0.0742267 -0.209325 -0.11451 -0.131295 0.216798 -0.195534 -0.0110493 -0.304509 0.0452219 -0.226114 -0.0300388 -0.123952 -0.159031 -0.264429 -0.142309 0.189253 -0.136022 0.027122 -0.150615 
0.135021 -0.0496262 0.121536 0.0378384 0.0126725 0.0646888 0.0609193 0.0891923 0.0678077 -0.161331 -0.107223 -0.0525761 -0.0481827 -0.269766 0.112398 0.123243 -0.127663 0.0461823 -0.0285786 0.0212215 0.0434068 -0.136041 0.0822694 0.0711891 0.112602 0.068746 -0.161739 -0.00692562 -0.143408 0.0550218 -0.155205 -0.11484 
-0.165418 -0.110569 0.0997971 0.110435 -0.0997241 -0.0901074 -0.129188 0.175625 0.10786 -0.162469 0.0571131 0.13996 0.0827376 -0.0739743 0.0242892 0.0380882 -0.03201 0.142251 0.0862589 0.0370262 0.0616743 0.0362806 -0.171184 0.130961 -0.068088 -0.0566461 0.0453646 -0.127553 -0.0339319 -0.0737423 0.00826807 0.0875344 
-0.106499 -0.220813 0.0256847 0.107373 0.0219225 -0.0967428 -0.133925 0.835723 -0.161624 -0.112341 -0.119839 0.198283 -0.176448 -0.0498609 -0.165117 -0.0982401 -0.164444 -0.0341871 -0.0581465 -0.0515285 0.0626418 -0.194626 -0.698995 -0.0175571 -0.0997247 -0.169169 0.0238742 0.0623253 0.12227 0.0442318 0.023548 -0.13071 
-0.324358 -0.275956 -0.604316 -0.585147 -0.220776 -0.191245 -0.14333 0.899868 -0.0865115 -0.178468 -0.109989 -0.062187 -0.24653 -0.180305 -0.0410616 -0.464436 -0.271585 -0.0737705 -0.179104 -0.0913635 -0.103999 -0.0804038 -0.0274215 -0.157603 -0.132846 -0.0535392 -0.384443 -0.208495 -0.391198 -0.140166 -0.132015 -0.399284 
0.585316 -0.476617 -0.0300302 0.130441 -0.115678 0.185097 -0.00697055 -0.00584653 0.161264 0.701737 -0.0705515 -0.106261 -0.111706 -0.0270869 -0.0173928 -0.16623 -0.311314 -0.51159 0.0214093 -0.133263 -0.010022 -0.139421 -0.063637 -0.121233 -0.0667181 0.0340485 -0.0589401 -0.152496 0.0324232 0.227614 -0.380651 -0.151199 
0.137446 0.0541159 -0.152106 -0.0523902 0.133168 -0.0891593 0.138793 0.888185 -0.085214 -0.0434257 0.0847099 0.207047 -0.145357 0.073552 0.152081 0.00103756 -0.086158 0.0695272 -0.149434 -0.0997627 0.042094 -0.0203951 -0.817904 -0.129118 -0.159075 -0.157798 -0.0585802 0.050696 0.0725252 -0.157878 0.161562 -0.105658 
-0.0768481 -0.0184226 -0.119436 0.0360616 0.0291804 0.0540834 -0.0742538 0.0392359 0.00736665 0.0322918 -0.122871 -0.0325876 0.077087 0.0617703 -0.138051 0.0362348 0.0235508 0.0032906 0.0177884 0.0230204 -0.0883924 -0.0702201 -0.135815 -0.0923242 -0.0151915 -0.0869529 -0.00736399 0.0192398 -0.165591 -0.026424 0.119207 -0.00894467 
-0.15183 0.130492 0.108843 -0.205483 -0.00783475 -0.0105458 -0.169056 0.598945 0.15833 -0.0362443 -0.061801 -0.0972319 0.0166557 -0.258238 -0.0214607 -0.120653 -0.138128 -0.140844 -0.0973517 -0.130149 -0.122358 -0.013933 -0.00546507 -0.0196925 0.0346485 0.18006 -0.0552387 -0.084597 -0.100492 -0.0529197 -0.113079 0.250519 
-0.181465 -0.0322125 -0.104675 0.102343 -0.00246586 0.157419 -0.0966317 0.0573692 -0.0147905 0.034521 -0.183977 -0.0763745 -0.0596418 -0.0519818 0.114705 0.00447696 0.132356 -0.0948784 0.119351 -0.0766257 -0.00700863 -0.155384 0.00182899 -0.0142235 -0.15436 0.0545834 -0.00704464 -0.108101 -0.130682 -0.047339 0.0794891 0.0588327 
-0.0467839 0.37522 -0.0788379 -0.0854226 0.629678 -0.0470559 -0.0812224 0.0158047 0.0297339 -0.0481257 -0.163954 -0.169225 -0.186654 -0.542522 -0.10497 0.623113 -0.0484526 -0.110455 -0.029782 -0.101026 -0.142365 0.136017 -0.120852 -0.0618972 -0.112344 -0.148445 -0.560684 -0.0120536 0.0442878 -0.0513649 0.469232 -0.0991102 
0.0345851 0.0490214 -0.0139215 -0.00631807 0.0680501 0.146288 -0.00533516 0.098998 -0.077568 -0.0509912 -0.0223345 -0.127831 -0.0701619 0.0691629 -0.195222 0.156321 0.016174 -0.172113 -0.101549 0.056517 -0.102799 0.0622302 0.00357046 -0.0556241 -0.0462149 0.0350656 -0.00744065 0.131389 -0.136384 -0.0758862 -0.0418119 -0.109401 
0.110107 0.0361858 0.221659 0.0173783 0.299589 0.0445416 0.052985 -0.104158 -0.180962 -0.0945055 -0.129876 -0.0483258 0.0988874 -0.114824 -0.138409 0.242737 -0.043884 -0.0241263 -0.113427 -0.0807885 -0.100647 -0.115429 -0.054017 -0.13958 0.00172612 -0.119757 -0.260343 -0.160113 0.167029 -0.106626 0.0659699 -0.120272 
0.124716 0.117613 -0.0938586 0.14224 0.102325 -0.0447333 0.0797093 -0.131392 -0.10178 -0.00187877 -0.117544 0.149923 -0.0443966 0.131508 -0.0537175 0.0227545 -0.129487 0.160041 -0.109835 -0.0900664 0.0526739 0.00195169 0.148807 0.0914206 -0.0815098 0.0778981 -0.134928 0.0922608 0.0960122 -0.00816334 -0.00371485 -0.0454143 
-0.185165 -0.106481 -0.165949 -0.0513815 -0.0369768 -0.161833 -0.155346 -0.0626805 -0.351386 -0.367737 -0.168961 -0.223684 -0.261694 -0.185242 -0.115228 -0.284822 -0.105539 -0.124898 -0.0493023 -0.000613091 -0.293969 -0.29054 0.0345041 -0.110067 -0.116746 -0.371498 -0.371307 -0.25 -0.174451 -0.158597 -0.108127 0.0625693 
-0.340906 -0.108965 0.0380255 -0.336241 -0.167883 -0.0919964 0.0390132 -2.13237 0.100571 0.188709 0.0657352 0.0558686 0.145036 -0.0511375 0.0428079 -0.343312 -0.0695363 0.153155 -0.0292922 -0.0510213 -0.11314 -0.157584 1.82872 -0.00267621 -0.0234081 -0.16096 -0.0289391 -0.0698981 -0.129963 0.0210155 0.0636187 0.245421 
0.170807 -0.00194382 -0.150968 0.102581 -0.0884553 -0.129494 0.054838 0.740912 -0.0692069 -0.0511843 -0.171513 -0.0190088 -0.265428 -0.152086 -0.121196 -0.002998 -0.191957 -0.25844 -0.0787173 -0.00343007 -0.0135808 -0.209225 -0.169466 -0.118336 -0.141084 -0.109355 -0.281025 -0.209482 0.14396 -0.284085 -0.0800709 0.0333136 
-0.115548 0.0395323 -0.0832937 -0.0606544 0.13613 0.0102632 -0.0552702 0.0188333 -0.114245 -0.0154697 -0.0670705 0.165369 0.00992143 0.122832 -0.0238665 0.0648281 0.0338092 0.0389669 0.0112943 0.0142339 0.0603401 0.0659091 0.0968697 -0.140809 0.121743 -0.0948277 -0.0864691 0.0420056 0.125894 0.101559 -0.0751784 -0.0247953 
-0.080816 0.077125 0.133396 0.146394 -0.0136648 -0.084173 0.0351645 0.0268684 -0.058599 -0.00304748 0.117588 -0.130033 0.160801 -0.161127 0.0931634 -0.125942 -0.0507541 0.132319 -0.101637 -0.146138 0.102262 -0.00552727 -0.0936747 0.106257 0.0775978 0.163646 0.0952288 0.0359979 -0.148357 -0.00998922 -0.0841946 -0.0154371 
-0.0866044 -0.13396 -0.0855825 -0.128163 0.0124744 -0.0131164 -0.0580049 0.129362 -0.0622268 0.102371 0.124181 0.151607 -0.0423985 -0.132168 -0.00626536 0.0560574 -0.147333 -0.0537022 -0.151866 0.115908 0.0216121 -0.0476828 -0.0351026 0.15879 -0.059093 0.0651468 -0.0838218 -0.104272 -0.0654401 -0.0183724 0.151401 0.107587 
0.0527297 0.0625648 0.15481 0.117263 0.00243698 0.0210764 0.0724559 -0.74734 -0.00194629 0.0910465 0.138161 0.288525 0.171648 -0.0595427 -0.118953 -0.159217 0.0719282 -0.0771561 0.0466039 -0.181526 -0.0134122 -0.0496912 2.18942 -0.050007 0.0451846 0.141955 -0.0212804 0.0222998 -0.0895191 0.059931 -0.0409809 0.106197 
0.0772877 -0.168937 0.0142454 0.0843066 0.140397 0.0830148 0.140923 -0.00262191 -0.091418 0.0110669 0.0288039 -0.0198763 0.152826 -0.144657 0.029113 0.0679166 0.102283 -0.00801034 -0.121843 -0.00935453 0.00932324 -0.00895785 0.077826 -0.0855376 0.0675536 -0.0873753 -0.104128 -0.14387 -0.130638 0.100748 0.123348 -0.088893 
-0.0787283 -0.100844 0.153886 0.160435 -0.054302 -0.133292 -0.0809978 0.26423 -0.0291342 -0.0166507 0.083404 0.204871 -0.116962 -0.0510326 0.0281434 -0.113435 0.121239 -0.025156 -0.0823103 0.0978348 -0.14471 0.0151222 -0.282873 0.0676759 -0.0620869 -0.0960782 -0.0257751 -0.149268 -0.0852395 0.0604165 -0.134718 0.0202853 
-0.086771 0.022608 -0.054136 0.0925094 0.0203611 0.14783 0.0819466 0.140517 0.151403 0.0351318 0.0852568 -0.00766336 -0.0221233 -0.0013086 -0.146968 0.155231 0.141581 0.14547 -0.0313337 0.108841 -0.131197 -0.135799 0.0326212 0.059678 -0.0703899 -0.0462549 -0.140124 0.12268 0.108828 -0.0728096 0.0187989 -0.0287037 
-0.117822 -0.129648 -0.089698 -0.0220892 0.0618704 -0.125625 0.0943444 -0.0854603 -0.0949256 -0.0166684 -0.036948 -0.123778 0.0408174 -0.0511537 -0.148124 -1.5611e-05 -0.0238883 0.111027 0.0568546 -0.161733 0.0716259 -0.033259 -0.107897 0.0284969 -0.133039 0.0579634 0.0520525 -0.0144553 0.0270126 -0.0583739 -0.152816 0.165477 
-0.0438758 0.0191705 0.0350058 0.0451486 0.046438 -0.0614632 -0.156843 -0.154987 -0.0765203 -0.139722 -0.147694 0.106881 -0.0131336 0.0670215 0.128708 0.0224056 0.00147851 -0.126153 0.119335 -0.135151 -0.0342852 -0.110632 0.076757 -0.155504 -0.141287 -0.113969 -0.0538122 -0.0794601 -0.153764 -0.080096 0.0356409 0.115587 
0.0246938 -0.138424 0.12691 0.0195189 -0.00579978 0.124261 -0.136952 -0.0760058 0.141801 -0.0476054 -0.0916937 0.122536 0.0726861 0.0856726 0.105515 0.0237941 0.0655873 -0.0653661 0.130706 -0.143936 -0.0935092 0.0097312 -0.0840556 -0.104849 -0.0650367 0.148181 -0.0787049 -0.104441 0.113279 0.088396 -0.0409447 0.136403 
-0.0302434 0.135381 -0.0376416 0.0845218 0.155671 -0.130265 -0.14326 0.0369229 -0.089429 -0.0350867 -0.159105 0.0353245 0.122611 -0.131389 0.0166653 0.0693285 -0.116845 0.00823142 -0.0267729 0.0665529 0.00439272 -0.105307 -0.023364 -0.125656 -0.166018 -0.0402336 0.146039 0.0810917 0.160203 -0.14611 -0.0159457 0.0825404 
0.0424882 -0.106412 -0.145052 0.0336926 0.0516644 -0.0864379 0.115117 -0.163097 0.113191 0.0675204 0.152168 -0.0245554 -0.0892299 -0.0488078 0.129264 -0.000691916 0.115769 0.0652541 0.0376068 -0.0358561 -0.0670954 0.148995 -0.0150964 0.0584058 0.062915 -0.147299 0.124589 -0.1114 0.159439 -0.0339512 -0.0865712 0.143187 
0.0444763 -0.00630422 -0.0591186 0.000835344 -0.0521054 0.116906 -0.00380756 0.105533 0.094967 0.0119879 -0.154736 -0.0557426 -0.0272033 0.100101 -0.10373 0.0775186 -0.048126 0.0275114 0.132908 0.0502474 0.155151 -0.0235197 -0.0216655 0.106946 0.100519 0.16468 0.0893753 0.0995784 -0.105616 -0.0432666 -0.159083 0.0198968 
0.0428493 0.152062 -0.0437218 -0.140026 -0.161314 0.145996 0.0639133 0.0734238 0.0274187 0.0294905 -0.0923005 0.0943912 0.100027 0.0926435 -0.127898 -0.125854 -0.00775914 0.129949 -0.0289708 0.0371497 -0.0537201 0.123216 -0.0228513 -0.113769 0.165721 0.0159348 0.134251 0.0563917 -0.0811611 0.116557 0.150889 -0.0671594 
-0.0562347 0.124445 -0.155758 0.0205674 -0.0186814 -0.0486452 -0.135188 -0.138566 0.161826 -0.0093293 -0.10499 0.0712296 -0.0450461 0.127889 -0.00707749 0.159262 0.0100259 -0.151809 -0.0999333 -0.0473417 0.104765 -0.0540454 -0.0702693 0.0507889 -0.0476646 -0.0762213 0.119579 -0.0471731 -0.122715 -0.131882 -0.101702 -0.00213046 

Bias: 1 32
-0.331336 0.120248 -0.000979984 -0.345177 -0.138891 0.0686323 -0.0484945 -0.593317 0.0814019 0.100818 0.141169 -0.207514 0.00140701 -0.00926648 -0.0453594 -0.427229 0.0032809 -0.111875 -0.155707 -0.0797314 0.120422 -0.115892 1.2958 -0.0681171 0.129142 -0.0470332 0.138398 0.0772427 -0.0898152 0.0638376 -0.13904 0.0264449 


ReLU_Activation

Linear_Layer
Weights: 32 32
-0.00936379 0.687279 -0.143177 -0.092978 -0.0585193 -0.352847 -0.0680589 0.023233 -0.131239 0.647478 0.17776 -0.189723 -0.119396 0.0915094 -0.223378 -0.33322 -0.0654992 0.155118 -0.00517686 -0.0915683 -0.234463 -0.189118 -0.0997795 -0.0397707 0.038303 0.0547304 -0.141951 -0.276037 -0.0994245 -0.067302 -0.114005 -0.275952 
-0.111691 0.0565291 -0.0880659 -0.112171 -0.00950759 0.0727575 -0.224847 0.085536 -0.00888459 -0.0644384 -0.0514144 -0.180763 0.0225947 -0.0946347 0.16803 -0.00412989 -0.00345866 -0.158538 0.0297474 -0.030443 0.120338 0.0189794 0.127709 -0.103654 -0.0486385 -0.0475483 -0.0688366 0.155486 -0.0968195 0.00229746 -0.081178 -0.229509 
-0.0229301 0.594965 0.1397 -0.14345 -0.0458654 -0.224852 -0.0312008 0.527027 -0.197898 -0.119438 -0.0525501 -0.021736 -0.102598 -0.183634 0.0166369 -0.410106 -0.147168 0.238538 0.0929214 -0.141957 0.0196643 0.238115 -0.0951618 -0.14537 -0.145094 -0.0829892 -0.0816668 0.372365 -0.0886162 -0.115182 -0.0917615 -0.0174092 
-0.0614638 0.755422 -0.104238 -0.216018 -0.106501 -0.76018 -0.214184 -0.0361737 -0.0293432 0.563343 -0.216501 -0.0787372 -0.138498 -0.0237935 -0.507311 -0.525685 0.012473 -0.0983981 -0.176739 -0.0899837 -0.24966 -0.108581 0.0690765 -0.0864715 -0.0768462 -0.0193417 -0.14688 0.102632 -0.368299 -0.0861129 -0.178303 -0.144647 
-0.102227 -0.118504 -0.198708 -0.166879 -0.110637 0.0393984 -0.10384 -0.114972 0.0202269 0.064683 -0.0120774 0.0281268 0.140565 -0.121327 0.168188 0.187428 -0.0312772 -0.0976851 -0.0866245 -0.306452 -0.163461 -0.158041 0.0640984 -0.241172 0.0255067 -0.185777 -0.00931463 -0.0473747 -0.0121695 -0.00499602 -0.00929558 -0.158764 
0.0872156 0.30181 -0.128746 -0.0456261 -0.102232 -0.0472915 0.129546 -0.162525 -0.173003 -0.0841794 0.0803409 0.110239 -0.172124 0.0139078 0.0944032 0.0817178 -0.0374002 -0.064246 -0.0862138 0.0314883 0.0818327 -0.066991 0.0625349 0.0801774 -0.116011 -0.141538 -0.0350523 -0.080214 0.0945352 -0.0410437 0.10232 -0.145788 
0.0494182 0.124682 -0.0987022 0.0718758 -0.0196926 0.177596 0.121329 -0.149186 0.103176 0.00861843 -0.0744268 -0.117295 0.131973 -0.12807 0.0594905 0.00732718 0.12421 0.125793 -0.138994 0.123739 -0.159386 -0.121408 -0.0649804 0.176148 -0.0635857 -0.0291519 0.0296563 0.00880799 0.0523326 -0.0438485 0.160172 -0.0999526 
-0.122127 -0.38077 0.0139201 -0.107769 -0.220146 0.746302 -0.0995611 -0.0783749 0.052732 0.773437 -0.227319 -0.220287 -0.911131 -0.22567 -0.121169 0.854505 0.0726681 -0.719658 -0.369049 -0.00710617 -0.255606 -0.0392803 -0.00767807 -0.0253423 0.923198 -0.223782 -0.240366 0.0285092 -0.180867 -0.0539364 -0.152876 -0.0563231 
0.0157437 0.112444 0.123593 -0.0223999 0.174719 0.0945126 0.0951134 0.0343374 -0.0197059 0.192851 0.125164 -0.138715 -0.0396534 -0.0475606 -0.137497 0.263145 0.12742 0.118527 -0.0361764 -0.154503 0.298566 -0.108349 -0.142516 -0.123217 -0.0736321 0.027997 -0.0687684 0.027824 -0.0184432 -0.274465 0.0638479 0.121064 
-0.0610378 0.0951641 -0.0222758 0.101495 0.155849 -0.096387 -0.0213069 0.355685 0.0617038 -0.0150725 0.104263 0.0183263 -0.0715175 -0.00670422 0.028418 0.0852363 -0.155194 0.148913 -0.0257915 0.00694585 0.15683 -0.0405469 0.0542532 -0.0698681 -0.170876 0.201058 0.0190363 -0.00394006 0.020356 -0.0778163 0.22355 -0.0395848 
0.130882 0.0939889 -0.00917256 -0.136944 -0.00272028 0.161108 0.142028 -0.0514678 0.149123 -0.0683637 -0.0453488 0.116344 0.143895 -0.081026 0.0441048 0.119552 0.164379 0.166542 0.143359 0.119832 0.00581996 -0.0729087 -0.136956 -0.0621189 0.00980684 -0.0164566 -0.155578 0.068455 -0.157328 0.0560621 -0.0113569 0.0954276 
0.0935721 0.0703205 -0.0386975 -0.0432001 -0.151277 0.00472434 0.140635 -0.10321 -0.120854 0.155768 0.0151929 -0.330882 0.076309 0.342798 -0.246708 0.0117965 0.0742236 0.140373 0.163908 0.116566 -0.109837 0.0479659 -0.0230895 0.00510497 0.170683 -0.12698 -0.112694 -0.193337 -0.117758 -0.147146 -0.127937 -0.0225093 
0.0129004 0.400112 0.21808 -0.0131944 -0.130939 -0.064044 0.129166 0.370303 -0.126856 -0.13015 0.113143 0.0820732 -0.00262711 -0.0289891 -0.100048 -0.0643749 -0.00184381 0.155759 0.181041 -0.133385 -0.0511875 0.132386 0.147723 0.00320014 -0.179614 -0.0500705 0.0418469 0.0305763 0.0498092 0.105814 0.102674 0.095872 
-0.032807 0.111838 -0.0460508 0.00348566 -0.0201681 -0.083616 -0.116217 0.0807752 0.150777 0.0908511 -0.158898 0.103 0.074915 -0.0650787 0.199678 -0.162544 -0.027351 0.107763 0.104722 0.0760751 0.0963032 -0.112643 -0.109913 0.0368265 -0.0396088 0.0294038 -0.0662897 -0.0982038 -0.0713426 0.113036 -0.100976 0.158684 
0.0312658 0.0882291 0.138052 0.148628 0.00681222 0.0799893 -0.0954901 -0.13743 -0.12662 -0.0530591 0.00873216 0.0989597 0.0224661 -0.110194 -0.0669009 -0.120633 0.122983 -0.110336 -0.0395103 0.0190397 0.0486421 0.098422 -0.126273 -0.10938 0.130719 0.104856 0.0293317 -0.189462 0.118871 -0.254071 0.0277785 0.0970917 
-0.146492 0.477578 0.0690148 -0.111772 -0.0211477 -0.405087 -0.00802255 -0.179978 -0.0235552 0.4197 -0.0958695 -0.15368 -0.1286 -0.0237604 -0.388695 -0.24446 -0.199885 -0.0788298 -0.0705501 -0.220065 -0.0368286 -0.137494 -0.157713 -0.203349 -0.158891 -0.104705 -0.0624974 -0.159356 -0.0619791 -0.295175 0.0431931 -0.221093 
-0.104489 0.24259 -0.034236 0.00773859 -0.00629178 0.175011 0.0374006 0.106504 0.024928 0.060915 -0.0353935 0.123071 0.00939476 0.032179 -0.0501961 0.205465 0.0142735 -0.14864 -0.154956 0.158985 0.10043 0.0141231 -0.131319 0.0523674 0.0561997 0.0347341 -0.110188 0.0795404 -0.164751 0.0192927 0.174276 0.0395234 
0.0535406 0.198061 -0.0706347 0.013383 0.146465 0.0919107 0.206025 -0.163024 -0.0187126 -0.0339046 -0.108151 -0.0670581 0.153189 0.15908 -0.0599718 -0.0351656 -0.148899 0.109601 -0.172228 0.060185 0.015124 0.0091228 -0.0958502 0.0577947 -0.0891044 0.0367249 -0.0506158 0.0949871 -0.0590976 -0.051318 -0.0825513 0.048009 
-0.00749211 -0.0626892 -0.0632146 0.119726 -0.107683 -0.161837 0.0419966 -0.0205589 -0.140297 0.102083 0.0378238 0.0641454 0.127866 -0.111359 -0.00242973 0.0696005 0.116426 -0.083697 -0.1217 -0.085818 -0.0137205 0.0648262 0.0525413 -0.107316 -0.161253 -0.0304274 0.0924869 -0.178964 -0.156926 -0.0213484 -0.147126 -0.0113585 
-0.177854 0.422781 0.0440554 -0.190601 -0.130637 -0.121805 0.0791049 0.179437 -0.145066 -0.113064 0.175462 -0.163478 0.132156 -0.115352 -0.158305 -0.155613 0.0233881 0.0746746 0.0217627 -0.20754 0.0315393 0.127077 0.164808 -0.0248389 -0.138631 -0.171339 0.0996272 0.0382197 -0.0554053 0.147373 -0.178902 0.0905535 
-0.0928127 0.159081 0.139473 -0.0226993 0.162392 -0.150833 -0.14025 0.0152366 -0.147034 0.0497855 -0.108442 0.00564269 -0.00929411 0.311622 -0.337625 -0.255595 -0.0824363 0.15688 -0.0808997 0.0467334 -0.0271056 -0.152516 -0.122448 -0.149797 -0.0358133 -0.0433443 -0.0632913 -0.107137 0.0909542 -0.0403307 -0.148116 0.0842978 
-0.154671 0.189914 -0.0749238 -0.0864689 -0.111245 -0.150601 -0.00975798 -0.0720998 -0.167376 0.0217998 0.00160298 0.0792523 0.119833 0.114897 0.00981718 0.11358 0.0222826 -0.0370157 -0.0414489 -0.357101 -0.00243877 -0.0660441 -0.109012 0.0613165 0.0952807 0.0660418 -0.167908 0.115766 0.0425679 -0.0288909 -0.133837 -0.000870214 
-0.096569 -0.210719 0.0896456 0.126979 -0.0738066 0.228173 -0.141552 1.4319 0.255787 0.35741 0.00418916 0.695396 -0.0608912 -0.137803 -0.140135 0.0833152 0.0989206 -0.123012 0.038634 0.356694 -0.13373 0.0967778 -0.00507715 -0.160078 0.0755406 0.121026 0.1351 0.649744 -0.119564 0.0948637 -0.0162755 -0.0239093 
-0.0587962 0.158433 -0.0126883 -0.0671838 0.133645 0.0696882 0.0611837 0.246031 0.106582 -0.10495 -0.0278286 0.034034 0.0275887 -0.0118064 -0.0308819 -0.0480365 -0.040363 0.0026233 -0.0126799 0.0037994 0.0080404 -0.105759 0.191948 0.133843 -0.0602868 -0.0493444 0.117869 0.274434 -0.0110487 -0.118698 0.0389107 0.0480949 
0.162714 -0.150442 0.165744 0.127593 0.118488 -0.0676235 -0.120301 -0.0206534 -0.0483207 0.00298774 -0.0763059 -0.136242 -0.14567 0.142896 0.000819318 0.0529898 -0.102507 0.00873436 0.125342 -0.179101 0.112644 -0.138163 -0.172455 0.0652874 -0.00898817 -0.122791 0.160001 -0.0365451 -0.00824065 -0.0535086 0.117476 0.0357058 
0.152706 0.288964 0.145875 -0.0089579 0.0450212 0.0816053 0.00992812 0.0629589 -0.167985 0.0386046 0.129735 -0.0173613 0.101981 -0.102745 -0.153349 0.172477 -0.156709 -0.113735 0.173289 -0.0900556 0.385812 -0.036477 -0.0787067 -0.00732365 -0.149079 0.188872 -0.133493 0.101657 -0.159292 -0.0470391 -0.0442769 0.140374 
-0.143175 0.524197 0.109907 0.0526896 -0.0772504 -0.0837577 -0.0792957 0.291949 -0.122642 -0.239102 0.197513 0.00554387 -0.0684984 0.114845 -0.0523146 -0.308764 0.051589 -0.0218228 0.240208 0.0353019 -0.137341 -0.0657788 0.159382 -0.0707592 -0.0469985 -0.0771993 0.00972908 0.286144 0.180971 -0.160523 0.0927027 0.134498 
-0.156549 0.0270728 -0.078497 -0.1537 0.0916418 -0.0822415 0.0476962 0.0415482 -0.0301745 -0.0824598 -0.121463 0.108304 -0.0625394 0.0541204 -0.00535481 0.00334334 0.0267015 -0.0146714 0.162187 -0.105142 -0.155923 -0.120388 0.0932938 -0.00374772 -0.190495 0.0214484 0.0994361 0.0775519 0.00132039 0.139934 0.143821 0.0945109 
-0.151265 0.459822 -0.172043 0.0466788 0.116788 -0.546819 0.116505 0.0303202 0.0635525 0.594876 0.0158571 0.0375326 -0.16945 -0.177803 -0.0289078 -0.314096 -0.0044677 -0.157423 0.0394658 -0.0033717 -0.326418 -0.0105224 -0.122072 -0.0259748 0.116882 -0.187946 -0.0885251 -0.0332299 0.0368486 -0.157465 0.0496641 -0.139229 
-0.156469 0.286457 -0.0985112 0.0541049 -0.134577 0.0761026 0.127913 0.0388056 0.0359184 0.0749117 0.154132 -0.0238661 -0.0123457 -0.0081969 -0.108481 0.0365997 -0.0285118 -0.0862277 -0.156446 -0.148175 0.176621 -0.0169315 -0.0550585 -0.249825 -0.107417 -0.114425 0.0888052 -0.215983 0.0119759 -0.275426 -0.0277711 -0.0960963 
0.138054 -0.180316 -0.077338 -0.00735947 -0.0262217 -0.143345 -0.0789827 -0.11064 -0.155093 -0.174568 -0.00671062 -0.10468 -0.136093 0.0401662 0.162416 0.099293 -0.0651735 -0.0992301 -0.247924 -0.181763 0.0110072 -0.109957 0.00453528 -0.221178 0.111223 0.00443073 0.123602 0.152344 -0.20273 0.0270189 -0.167571 -0.253311 
0.0658879 0.429143 0.124645 0.00989486 -0.0319605 -0.0848681 -0.108749 0.403151 -0.173478 -0.109664 0.0579282 0.107859 0.0621196 0.0719675 0.0502111 0.00411588 -0.0328989 -0.0767184 0.0440174 0.0996711 -0.150516 -0.0203242 -0.15735 -0.0429918 0.115925 0.110458 -0.0870433 0.224121 0.0181073 -0.151957 0.136081 0.011023 

Bias: 1 32
-0.00440004 -0.254923 0.2849 -0.0178707 -0.0222973 0.0184078 -0.150923 1.18964 0.310813 -0.547367 0.148327 0.78488 -0.0564253 -0.400179 -0.0367743 -0.0208549 -0.22252 -0.0996836 0.109073 -0.1186 0.0512792 -0.121695 -0.099246 -0.136753 -0.280011 -0.0841011 0.07114 0.752834 -0.117482 0.0234587 -0.0979273 -0.0192224 


ReLU_Activation

Linear_Layer
Weights: 32 16
0.131579 0.0393918 -0.148036 -0.137728 -0.0684309 -0.0563329 0.0205714 0.108066 -0.132215 -0.0327762 0.0238454 0.0151251 -0.168085 0.139706 0.155597 -0.191807 
-0.235132 -0.161918 -0.621994 -0.446591 0.00456181 0.0787604 0.00695128 -7.30745 -0.3513 -0.905832 -0.413779 -0.194326 -0.127774 -0.0567087 -2.92082 -0.383868 
0.18869 -0.0941878 0.0948296 -0.0829377 0.206477 -0.103759 0.106697 -0.0057081 -0.0551929 -0.00451523 -0.167585 0.00752144 -0.0747934 0.0420261 -0.0786875 -0.00601578 
0.018421 0.162219 0.0415308 -0.0212554 -0.05144 0.080326 0.108192 0.154558 0.018868 0.0253285 -0.0365542 0.0943056 -0.0140255 0.160605 0.138366 0.0936663 
-0.140753 0.0554164 0.0809257 -0.222787 -0.143695 -0.149394 -0.0044467 0.0348327 -0.00478666 0.138442 -0.0985399 0.065277 0.00450139 0.019167 -0.167107 -0.0581986 
-0.134798 -0.0518853 -1.03329 -0.447596 -0.734538 -0.232157 0.100134 -0.839602 -0.155288 -0.0648624 -1.44472 -0.0281677 -0.30025 -0.688429 -0.124173 -0.0454882 
0.0604873 -0.169581 -0.164434 -0.178986 0.0897453 0.140012 -0.0367451 -0.057907 -0.0614777 -0.244537 0.24868 0.158874 -0.0467936 -0.3914 0.00724244 -0.23014 
0.780708 0.0796326 0.046321 -0.236589 1.39071 -0.388144 0.0101876 0.708543 -0.0105448 -0.138223 -2.29375 -0.228716 -0.132433 0.0927541 0.356931 -0.0036664 
0.250626 0.171032 0.0565034 -0.142209 0.191432 -0.197207 -0.155347 0.234408 -0.0818597 -0.00632407 -0.787277 -0.0944266 -0.0883865 -0.0326625 -0.00285886 0.104123 
-0.298019 -0.20934 -0.959932 -0.379582 -0.782824 -0.0458208 -0.109097 -6.65606 -0.459778 -0.830151 -0.595979 -0.148126 -0.204394 -0.570809 -0.374718 -0.217827 
0.00261936 -0.156352 0.30611 -0.142033 0.00328568 0.0602398 -0.032597 0.126962 -0.0979519 -0.106999 -0.386053 0.202042 -0.0244643 -0.348442 -0.104339 -0.326731 
0.412997 -0.130214 0.508729 -0.0357577 0.501377 -0.0872923 -0.0703048 0.490102 0.258077 -0.0443671 0.174882 0.0387377 0.0791557 0.0770182 0.229844 -0.0664639 
0.00706586 0.196206 -0.125148 -0.0199793 0.17224 -0.141084 0.158003 0.0971711 0.0973621 -0.106312 -1.04327 -0.146795 -0.125195 -0.0237565 0.103302 -0.00755704 
-0.0801863 -0.246125 -1.05953 -0.423974 -0.340413 0.688541 -0.206623 -13.5716 -0.539189 -1.18876 -0.313208 -0.440328 -0.19968 -0.109158 -3.86305 -0.108636 
-0.151474 -0.113462 0.154018 -0.179251 -0.207521 -0.130002 -0.0928038 -0.0113695 0.0287597 -0.0376497 -0.255635 -0.0694703 -0.142826 -0.137856 -3.70923 -0.0750355 
-0.0510903 -0.083834 -0.998979 -0.198147 -0.891603 -0.570873 -0.00253432 -0.13088 -0.211259 -0.244849 -2.79189 0.0526551 -0.284289 -0.909783 -1.33089 -0.308923 
-0.00263684 -0.0859822 -0.180538 -0.0622635 -0.0422648 0.0706291 -0.130038 -0.0997609 -0.161373 -0.0847414 0.052452 -0.0284191 0.141052 0.10419 -0.049982 -0.0856979 
-0.114691 0.156385 -0.0518021 -0.0185953 0.218346 -0.283601 -0.113602 -0.00941288 -0.0526291 0.0561637 -1.45585 -0.0957612 -0.107361 0.106963 -0.219418 0.0304148 
0.201223 -0.116322 0.225303 0.0221993 0.197054 0.0560143 -0.113437 0.0765809 0.139524 -0.200901 -0.134214 -0.00960873 0.072962 0.204582 -0.0955662 -0.0770696 
0.142749 -0.233954 -0.315125 0.0388639 0.268128 -0.0573213 -0.0282682 0.140585 -0.153992 -0.19049 0.133091 -0.00688645 0.0546699 0.0253085 -0.081436 0.0245883 
-0.242189 -0.1257 -0.0367987 -0.236285 -0.0477233 -0.110853 0.0490438 -0.111098 0.176233 -0.0975873 -0.00752327 0.396062 -0.00721446 0.0376626 0.0426799 -0.233893 
-0.148276 -0.00391301 -0.0683147 -0.257475 0.0166564 -0.198647 -0.0715692 -0.146683 -0.198523 0.106922 -0.853033 -0.191197 0.00331506 -0.104436 0.126016 0.0236406 
-0.141175 0.0617231 0.182789 0.112759 0.0420917 0.0870024 -0.00544854 0.140002 -0.0232748 0.020436 -0.159274 0.0201003 0.115669 0.15926 -0.18839 0.0450411 
0.119782 -0.0357772 -0.160085 -0.0987831 0.107149 0.0591568 -0.0426326 -0.153859 -0.143737 -0.0966588 0.119975 -0.00462052 -0.0749257 0.118149 -0.0849026 -0.0786366 
-0.142965 -0.134588 -1.04692 0.0045155 -1.01961 -0.162343 -0.161448 -0.244158 -0.0670761 0.0195856 -0.776241 -0.249917 -0.19953 -1.03812 0.117107 -0.269664 
-0.0337687 0.0859654 0.151572 0.100184 0.0696129 -0.0674017 -0.0268762 0.131556 0.0308133 0.0374738 0.0673195 -0.172786 -0.139454 -0.113692 0.0942635 -0.0151028 
0.0617508 -0.127757 0.0907926 0.00368448 0.16641 -0.0340097 -0.154715 0.125971 -0.109944 0.159925 0.0174964 -0.0304345 -0.00765603 -0.00757773 -0.127273 -0.11895 
0.348976 0.0391254 0.185682 -0.269392 0.826898 -0.0233715 -0.171042 0.275805 0.179338 0.00489486 -0.173385 -0.11345 0.119883 0.160753 0.204704 0.0717331 
0.135159 -0.142044 -0.083367 -0.115079 -0.029142 -0.161179 0.0120957 0.0485612 -0.0601907 -0.0512989 0.140953 -0.11592 0.0159483 -0.0680463 -0.0249345 0.0990362 
0.120293 -0.0408847 -0.062267 0.122434 0.133565 -0.148412 0.162441 0.111882 -0.107019 0.152059 0.0100733 0.0830952 0.0179976 -0.0565772 -0.0231261 0.0780174 
-0.118004 -0.238581 0.0824736 -0.202528 -0.0567343 0.0712443 -0.0460346 -0.103757 0.102457 0.137194 -0.10315 -0.0452054 0.0346298 -0.0996443 -0.0818113 -0.010693 
0.179576 -0.0082683 0.0641504 0.0316736 0.078307 -0.0144403 0.0675998 -0.178195 -0.03278 -0.110796 0.103236 -0.159594 0.076949 0.102424 0.043095 -0.155594 

Bias: 1 16
0.950941 -0.146832 2.20522 -0.123155 0.499936 -0.0872628 0.0106355 0.956019 -0.0618761 -0.144824 -0.131499 -0.0413109 -0.182215 0.0114427 -0.193179 -0.00683064 


ReLU_Activation

Graph_Layer

Linear_Layer
Weights: 35 32
0.00698743 0.0367511 -0.556354 -0.090733 -0.104774 -0.176576 -0.0998096 -0.106663 -0.161636 0.00123417 -0.0794095 -0.161376 -0.0554763 -0.0242822 0.232939 0.0251915 -0.258054 -0.20192 -0.165612 0.298263 -0.374304 -0.0282479 -0.519676 -0.595035 -0.20136 -0.282279 -0.046411 -0.062264 -0.055264 0.00042626 0.0471864 -0.235116 
0.17593 0.210363 -0.0742691 0.0434244 0.0153366 -0.00725914 0.0749206 0.18756 0.0138973 -0.00612149 0.0544011 -0.0334496 -0.0039862 -0.122577 0.0145271 -0.0105376 -0.0581024 0.133222 -0.103591 -0.0149298 0.0208034 0.123716 0.0804199 -0.0197476 0.068719 0.110879 -0.0937104 0.0593368 -0.0122352 -0.0875309 -0.0114535 0.0447139 
-0.0218024 -0.12344 -1.47126 -0.154245 1.64065 -0.128058 -0.0111397 -0.186186 -0.0503387 -0.317 -0.0547587 -0.0327691 -0.754667 -0.00239105 -0.162306 -0.118369 1.26577 0.223895 -0.0318923 0.189318 -0.337379 -0.037476 -1.37733 -0.0557057 1.88256 -0.0420472 -0.130825 -0.124235 -0.218195 -0.128814 0.153264 -0.0143903 
0.12374 0.0677324 -0.0668361 0.218544 0.0270692 -0.050566 0.0621835 -0.0228701 0.121079 0.201083 -0.0757167 -0.0766631 0.385695 0.0551699 0.322193 0.0202342 0.185852 -0.338856 -0.0668819 0.232193 -0.00855909 -0.0543872 -0.238078 -0.177889 0.2342 -0.0582385 -0.160771 -0.181917 0.0168907 0.0423063 -0.125066 0.124325 
-0.39603 -0.242388 -0.322376 -0.0944498 -0.0960887 -0.144662 -0.235621 -0.220738 0.0904142 -0.0833127 0.0712871 0.0621492 0.0177404 -0.059382 -0.00180636 0.433644 0.278616 -0.240337 0.0370364 0.259958 -0.215437 -0.246917 -0.198323 -0.251305 0.298384 0.164086 0.0201629 -0.0978898 -0.14446 0.123233 0.382692 -0.00867687 
-0.198776 -0.108442 -0.130245 -0.202618 -0.220105 0.0301532 0.265902 -0.506165 -0.10489 -0.124433 -0.0657774 0.0101308 -0.0282717 -0.245663 -0.300739 -0.062453 -0.00277429 -0.133001 -0.0501351 -0.186257 -0.194992 0.0571899 -0.0484769 -0.121571 0.0615589 0.2749 -0.220074 -0.119916 0.246871 -0.0289714 0.0541472 -0.0369201 
0.0209127 -0.00533103 0.177903 -0.0300781 0.0750203 0.154316 -0.0441933 0.148824 -0.0776581 0.102364 0.0375428 0.0952508 -0.0788124 0.0889423 0.00923919 -0.0561296 0.01787 -0.0904396 -0.0439039 -0.151041 -0.0832313 -0.0503069 0.128755 -0.117227 -0.0526922 -0.0972271 -0.101117 -0.165059 0.163254 0.148974 0.0146371 -0.0792879 
-0.00379553 0.0601802 -0.136737 -0.0137403 -0.0157337 -0.0164959 0.1091 -0.0297965 0.0447905 0.354014 -0.137862 -0.148844 0.362514 0.0178693 0.197315 -0.0591616 -0.0493005 0.00969547 -0.127975 0.533998 0.0811469 0.0119823 -0.0538876 -0.104167 0.377346 0.161938 -0.137871 -0.140769 -0.019905 -0.0310074 0.158977 0.0432417 
0.0153 0.087673 -0.0716266 -0.0221886 -0.0262629 0.0277591 0.0314645 -0.0200527 0.0782493 -0.064473 0.108756 0.0129248 0.261186 -0.00977504 0.116005 0.0574514 0.0983427 0.0889117 0.0582548 0.208753 0.0249147 -0.124628 0.0487264 0.16761 0.183383 -0.151857 0.193405 -0.0174194 0.0583634 0.0503167 -0.00858682 -0.144721 
0.16073 0.00932007 -0.0344103 -0.00694645 0.00460987 0.148626 -0.0588301 0.0478108 0.192698 -0.0607085 -0.0853716 -0.0592344 -0.0884296 -0.0841062 -0.129086 -0.159101 -0.0277602 -0.0931259 0.0023414 0.0537231 0.0340657 -0.109068 -0.0949937 -0.0306298 -0.117724 -0.0731306 0.0353939 -0.0922052 -0.182988 -0.0437727 -0.0829484 0.00624984 
-0.0379511 -0.166766 0.0377584 -0.119848 -0.102854 -0.00620441 -0.17438 0.00647042 -0.123049 -0.231058 0.310415 -0.231158 -0.201867 -0.166389 -0.00542128 0.081976 0.158435 -0.458818 -0.138776 -0.156084 -0.0938319 -0.185417 -0.072658 -0.219164 -0.107401 0.219299 -0.137559 -0.154195 -0.0439715 0.192611 -0.095087 -0.134004 
0.0662927 0.168094 -0.236679 -0.148187 -0.0886659 -0.0685322 0.124405 0.0935097 -0.0251121 0.0663366 -0.0856948 -0.0836231 -0.151165 0.0502628 -0.0362689 0.051966 -0.0356606 0.11385 -0.13264 -0.225409 0.0298777 -0.0771839 -0.136888 -0.0692556 -0.0202042 0.0622973 0.167704 0.0709413 0.0366542 -0.0413111 0.0731285 -0.124631 
0.0730513 -0.014845 0.137668 -0.163839 -0.0202408 -0.126585 0.00818215 0.211556 -0.0554336 0.0476642 -0.142975 -0.150542 0.162217 -0.0417533 0.0866459 0.0252408 0.150528 0.0152383 0.131685 -0.111622 0.0269073 0.0223398 0.0591897 -0.127816 0.0106744 -0.0290542 -0.142868 0.0732341 0.0974969 0.114902 0.136714 -0.00769474 
0.0874856 0.0428776 0.0470315 0.160101 0.0674946 -0.0914636 -0.0909068 0.0700056 -0.108295 -0.0949334 0.103677 0.0146459 0.0407431 -0.126106 0.202059 0.0286015 -0.0086605 -0.0242334 0.173431 -0.074686 -0.140252 -0.118984 -0.0431774 -0.0723592 0.167347 -0.0340633 0.066308 -0.139383 -0.0587731 0.0351513 -0.0909823 -0.0845355 
-0.175979 0.0211848 -0.089057 0.0979426 0.142308 0.0358677 -0.0491864 -0.073136 -0.0261988 0.110624 -0.0307365 -0.195982 0.219128 -0.137634 -0.146975 -0.0574407 0.267752 -0.12145 0.0236495 0.429287 -0.0918063 0.13387 0.0489624 -0.0570578 0.41862 -0.165435 0.000811011 -0.00389768 -0.0562053 -0.0223947 0.0659689 -0.00599761 
0.0897811 0.0826051 -0.0480771 -0.131376 -0.12793 0.104149 0.184322 -0.126039 -0.00455173 -0.161035 0.0705888 -0.0542182 -0.155909 -0.107868 -0.131424 -0.160277 -0.102539 0.148117 -0.0171299 -0.100943 0.117096 -0.0631585 -0.106432 -0.0949599 -0.128531 0.158826 -0.0646218 -0.127456 0.0570761 0.0878328 -0.10145 0.0196197 
-0.074333 0.32111 -0.184033 -0.0669328 -0.590913 -0.106519 0.0170593 -0.000473682 -0.178437 -0.315015 0.21704 -0.123231 -0.838132 -0.144703 -0.396573 -0.257103 -0.803878 -0.136451 -0.0411089 -0.227262 0.392901 -0.0338019 -0.0304714 0.15864 -1.06737 -0.0136197 -0.0194712 -0.0556263 -0.0953346 0.148668 -0.320127 -0.216585 
-0.387016 -0.162485 -0.202549 -0.454676 -0.472937 -0.0227596 -0.269007 -0.414534 -0.00308426 -0.523549 -0.025151 -0.185098 -0.524494 -0.0464163 -0.496249 -0.575298 -0.958433 -0.145528 -0.101956 -0.665081 0.430662 -0.125311 -0.0677933 0.074797 -1.2085 0.0442732 -0.201426 -0.118066 -0.0540573 -0.126424 -0.441943 -0.111564 
-0.16402 0.174733 0.20165 -0.346339 -0.514703 0.0866093 0.113511 0.0772147 -0.17529 -0.45422 0.00187615 0.109822 -0.991279 0.105607 -0.501497 -0.184894 -0.681107 0.0107171 -0.0336428 -0.743281 0.439519 -0.159472 0.115653 0.303242 -0.640515 0.0472569 -0.070352 0.0381351 0.161949 0.0461229 -0.0713915 0.0183431 
-0.0857577 -0.239801 -0.112211 0.0449445 0.0690723 0.029861 -0.190512 -0.106977 -0.0163342 0.149746 -0.131126 -0.0297919 0.574915 -0.100605 0.336282 -0.180114 -0.122735 -0.107738 0.0391621 0.0527487 -0.0159789 -0.0934856 -0.141976 0.0689623 -0.22815 -0.0815218 -0.0524611 0.0298682 -0.164993 -0.354465 -0.237931 -0.0390347 
0.221588 -0.190062 0.196811 0.0324487 -0.491707 0.169602 0.111304 -0.111518 -0.141172 -0.203324 -0.141689 0.0768966 -0.399566 -0.139176 -0.134539 0.0403225 -0.366825 0.0086567 0.139208 -0.193139 0.147581 0.0594828 0.00664819 0.0402084 -0.559577 -0.171202 -0.0976554 -0.212158 -0.121868 0.157626 -0.0692162 0.109358 
0.0104316 -0.0466143 0.275947 -0.14021 -0.139844 0.021435 -0.169012 -0.0923771 0.0494597 -0.0460247 -0.115443 -0.0893598 0.0325708 0.170737 -0.209203 -0.0553082 0.0215409 -0.142598 0.0607833 -0.10499 0.24824 -0.162373 -0.0596421 -0.0239672 -0.165765 -0.149382 0.00784838 -0.178283 -0.145733 0.0103706 -0.0713649 -0.118159 
0.146278 0.161887 0.0684363 -0.0425016 0.0146415 -0.148745 -0.112569 0.0566298 -0.0785767 -0.0781873 -0.0962602 0.0889357 0.101246 0.0405027 0.113674 0.128942 -0.119052 -0.0462514 0.10823 -0.082608 0.0887481 0.0929967 -0.0271328 -0.156155 -0.0667085 -0.150024 -0.145331 -0.108142 -0.03681 -0.0906049 -0.0228396 0.134088 
0.0248114 -0.0984449 0.315915 0.0760562 -0.495461 0.162245 -0.0859418 0.0839062 -0.122454 -0.141456 0.110907 0.0548211 -0.538313 -0.137384 -0.272885 0.197614 -0.508241 0.142918 0.262456 -0.171137 0.497151 -0.0248463 -0.120756 0.0281461 -0.529878 0.0737732 -0.126376 0.0740339 -0.0135125 -0.0517556 -0.144778 -0.206155 
0.00810145 -0.0675799 0.0239162 0.010734 -0.0286549 0.0158324 -0.0146231 -0.0592 -0.00997919 -0.154807 0.0127652 0.143203 -0.164932 0.17974 -0.101721 -0.154083 -0.00818459 0.135147 -0.0984623 -0.0755057 0.115666 -0.126298 -0.0594893 0.16514 -0.118025 -0.157958 -0.0426396 0.0122587 -0.168807 0.0245268 0.0472381 -0.150126 
-0.0289078 -0.130343 -0.0649586 0.0217282 -0.032451 -0.017006 -0.138018 0.0606099 0.112379 -0.126842 -0.0558047 -0.108559 -0.0465077 0.120967 0.124754 -0.0127243 0.0938391 -0.0780072 0.0835421 0.126684 -0.0499851 -0.0444443 0.0396367 -0.106514 -0.116851 -0.0248505 -0.0907574 -0.0416616 0.0253032 -0.118187 -0.085646 -0.0284057 
-0.121191 0.140268 -0.07506 -0.108319 0.166708 -0.14165 0.132428 0.0539677 -0.0964244 -0.0254963 0.0609458 -0.115967 0.130881 0.0810111 -0.103358 0.0655614 0.150125 0.126325 0.0125459 -0.142932 0.0434564 -0.129667 -0.130584 0.0454692 -0.0582074 0.0352201 0.105778 0.00862449 0.106643 0.0799784 -0.107695 -0.0321628 
-0.132907 -0.0822122 0.0629392 -0.123539 -0.113182 0.0250283 -0.153245 -0.121047 -0.178165 -0.0862687 -0.0354111 -0.0170813 -0.301935 0.154713 -0.11554 0.0749336 -0.186413 0.0250066 0.13543 -0.00395423 0.0655404 0.075982 0.0965512 -0.0834549 -0.204551 -0.130282 -0.113811 -0.129574 -0.160835 -0.0317429 -0.120511 -0.0931922 
-0.0554962 -0.0679628 0.147336 -0.120733 0.001181 -0.0473888 -0.154979 0.0455279 0.0443874 0.0667141 -0.121851 0.0654569 -0.255933 -0.10535 -0.142569 -0.0692569 0.0548684 -0.0602928 -0.0636574 0.0984579 0.00119597 0.0259694 -0.0838006 -0.0214818 0.00282281 -0.0954981 -0.0446301 -0.0201359 0.0781817 -0.0310507 0.0640997 -0.110525 
-0.118792 -0.0567356 0.153101 0.0653728 0.058676 0.0285669 -0.177051 -0.138097 -0.162045 -0.0764254 -0.0355958 -0.108672 -0.0687097 0.0595413 0.0105245 -0.116147 -0.0239405 0.0753479 -0.0733707 0.0394236 0.123164 -0.15272 0.034702 0.0305469 -0.175556 0.115809 0.0824338 -0.0102924 -0.113408 -0.147959 0.133814 -0.0968998 
-0.123669 -0.134305 -0.00362007 -0.0519852 -0.085998 0.0696149 0.0067409 -0.123151 -0.0142917 0.117713 -0.139472 0.037373 -0.1132 0.0405832 -0.154337 -0.0432209 -0.144454 0.109362 0.0453852 -0.108913 0.130814 0.0277456 -0.100957 -0.153557 0.0336207 -0.110914 0.11482 -0.03673 0.0360338 -0.112848 -0.119554 -0.013545 
0.0276634 -0.0523155 -0.0768108 -0.00669894 0.0192358 -0.0220906 0.0615591 -0.112079 -0.0945308 0.0580813 0.020431 -0.0570626 -0.11894 0.0384774 0.00743616 0.0855857 -0.0864418 -0.0963149 0.0286514 -0.155837 -0.0391977 0.0714767 0.164744 -0.064865 0.00807579 0.144561 0.0255403 0.0285818 -0.0476821 0.0351814 -0.0552264 -0.0596211 
-0.00895301 0.0614151 0.0896201 0.0506689 -0.0559511 0.126012 -0.0702326 0.039747 0.12298 0.0995239 -0.104779 -0.080518 0.116552 0.0914574 0.0634579 -0.165121 -0.151956 0.0208121 -0.136251 -0.0509995 0.0241397 -0.0563771 -0.0867573 -0.0885775 0.0919333 -0.0456459 0.0139191 -0.152826 0.0324879 -0.0244859 -0.149819 0.0921421 
-0.00455876 0.152369 0.0431832 0.0364814 -0.0410627 0.139959 0.113458 -0.16247 -0.0274806 -0.115138 0.0291771 0.0524772 0.0195108 -0.0279459 -0.015504 0.0279685 -0.0318383 0.0982278 -0.0507613 -0.0836759 -0.104328 0.0113612 0.0314975 -0.0279206 0.158565 0.010453 -0.0657385 -0.0287946 -0.0775769 -0.151454 -0.0240075 -0.0920848 
0.0302777 0.0935804 -0.000912294 -0.0691739 -0.131947 0.124344 -0.00990489 -0.0182447 -0.0107924 0.000855312 -0.0898911 0.0700115 -0.0121554 0.141006 0.0113116 -0.120885 -0.132533 0.0628922 0.0228638 -0.0608694 0.0891615 -0.0613166 -0.0350494 0.0751361 -0.0329608 0.0713833 -0.102136 0.112434 0.110563 -0.105938 -0.0871307 0.07739 

Bias: 1 32
-0.156437 -0.208235 0.225275 -0.0348988 -0.142679 -0.158493 0.138347 -0.0585478 0.0792227 -0.0268856 -0.0717744 0.0739499 -0.214852 -0.0310971 -0.106467 -0.171137 -0.283546 -0.21332 -0.11211 -0.186557 0.480401 -0.0174548 0.000190885 0.34106 -0.218368 -0.125571 -0.0172723 -0.0688863 -0.0898948 -0.00596296 -0.00130624 0.0761205 


ReLU_Activation

Linear_Layer
Weights: 32 16
-0.259244 -0.117137 -0.45033 -0.328861 -0.287788 -0.150842 -0.211873 -0.134906 -0.133943 -0.175557 0.024987 -0.103176 0.120406 0.0182488 -0.392923 -0.148402 
-0.448248 -0.0803361 -0.177691 -0.0906767 -0.090118 -0.219998 -0.0922424 -0.139486 -0.128471 0.249208 -0.0741011 0.140744 0.356222 0.0290454 0.0875532 -0.0535298 
0.240258 -0.200526 -0.0966557 -0.231416 -0.592811 0.378168 -0.19854 -0.0788437 -0.0820349 -0.0729299 -0.14771 0.0249358 -0.187257 0.543797 -0.143369 -0.445569 
-0.0359792 -0.0140872 -0.294349 -0.00139213 -0.0435177 -0.25573 -0.130321 0.143306 0.166326 -0.033019 -0.121798 0.0509217 -0.166798 -0.118186 -0.259128 -0.0904024 
-0.096661 -0.0881982 0.0246067 1.80302 -3.09487 -0.838481 -2.35025 -0.0467082 -0.13728 -0.263508 -0.171493 0.0249459 -0.0848631 -0.238916 -0.0175501 -0.181495 
-0.0529634 -0.104516 -0.120085 0.0270515 -0.0642792 0.111861 -0.180402 -0.0266648 0.228078 -0.0300184 -0.117946 -0.160701 0.0548791 -0.0582042 0.184608 -0.280928 
0.0199834 0.115375 -0.142044 -0.157731 0.131944 -0.101763 -0.170612 -0.202216 0.0420818 0.09377 -0.306178 0.13066 0.189693 -0.188555 0.127852 -0.198496 
-0.218647 0.000818272 0.00382892 -0.145798 0.294331 -0.181986 -0.0800427 -0.216982 0.162686 -0.0536306 -0.33919 0.06932 -0.00151923 0.266802 -0.101927 -0.287931 
-0.151332 -0.0938493 0.0866234 -0.163042 0.116972 -0.0726889 -0.151407 0.00501204 -0.0412207 -0.0571191 -0.059544 0.0770183 0.0309101 -0.134528 0.211384 -0.167515 
-0.0140092 0.139648 -0.0471582 0.0991118 0.0186444 -0.130414 -0.0965571 0.17565 0.0128679 -0.10763 -0.056618 -0.0672324 0.138678 -0.0341508 0.050642 -0.0203044 
-0.315524 0.0650678 -0.00478462 -0.0692202 -0.0281081 -0.00147638 -0.1153 -0.101297 -0.0324443 -0.0913403 -0.167687 0.112965 -0.202374 0.0276366 -0.205083 -0.223989 
0.134059 -0.187072 0.0539494 -0.0296194 -0.205266 0.305357 -0.00833681 0.0131479 -0.0860474 0.0197361 -0.03561 -0.0987939 0.0877733 0.122048 0.135558 -0.114637 
-0.436232 -0.0170158 -0.0853071 -0.124765 -0.161074 -0.285945 -0.0788498 -0.0925134 -0.208033 -0.0502657 -0.0355892 0.0446727 -0.018871 -0.581467 -0.137915 0.0151363 
0.0599889 0.00605185 0.00175466 -0.00946623 0.111185 0.0133504 0.024024 -0.0878321 0.212671 -0.0731383 -0.159349 0.153384 -0.0950066 0.183224 -0.0924474 -0.0513256 
-0.181083 -0.132842 -0.21795 -0.113565 -0.17549 -0.148237 0.0386794 0.0454777 -0.0503312 -0.103237 -0.127795 -0.0664157 -0.0350248 -0.0761582 -0.402623 -0.180922 
-0.225369 0.0800321 0.163747 -0.00508249 -0.255035 -0.0904969 -0.119922 0.0520448 0.266839 0.240661 -0.148728 0.078563 -0.0587885 -0.197239 -0.0305217 -0.205737 
-0.297828 -0.113364 -0.178076 1.34517 -2.25886 -1.04498 -1.63904 -0.0762543 0.000219227 -0.786777 -0.43388 -0.179243 -0.259697 -0.298068 -0.182528 -0.235711 
0.315218 0.102178 -0.0795828 -0.464634 -0.31287 0.440267 -0.271803 -0.256469 0.0232211 -0.0268061 -0.086244 -0.0332627 -0.154221 0.384747 -0.198903 -0.0802088 
0.0978713 -0.132056 -0.134734 0.0567457 -0.1158 0.0467214 -0.0195602 0.138435 -0.166324 -0.140788 -0.152983 0.158308 0.221093 0.0290424 0.0146443 0.135634 
-0.0186166 -0.146752 -0.264853 -0.0585097 -0.220541 -0.293205 -0.245849 -0.139317 0.089883 0.005919 -0.165269 -0.101683 -0.072712 -0.260656 -0.389439 -0.0672508 
0.180144 0.0638765 -0.128368 -0.0709485 -0.51381 0.118389 -0.277849 -0.143349 0.0143992 -0.140854 0.0180697 -0.0224726 -0.0412356 0.300933 0.0180017 0.028739 
0.102058 0.128968 0.0210124 0.0303408 0.021637 0.0989293 -0.0645307 0.0271613 0.15668 -0.0766526 -0.0824513 0.0925208 -0.136813 -0.150025 -0.0925803 -0.138372 
-0.127648 -0.038525 -0.0300461 0.483579 0.11815 0.125658 0.186183 -0.273395 -0.00652071 -1.28221 -0.029981 -0.0812779 0.0389777 0.0739308 -0.0617454 -0.812054 
0.0985117 0.00249143 0.0762143 -0.210991 -0.112633 0.153556 0.0103981 -0.00612024 -0.134292 -0.0820759 -0.0570959 -0.0208554 -0.0238534 0.256947 0.167489 -0.0463472 
-0.161938 -0.0163668 -0.0503544 1.43959 -1.76286 -1.01649 -1.31223 -0.150681 -0.224339 -1.15993 -0.100056 -0.0760808 -0.112262 -0.384483 -0.22234 -0.234544 
-0.0141945 -0.144622 0.0542188 -0.150697 0.0839874 -0.170597 -0.0626787 -0.14925 -0.133372 -0.174744 -0.359269 -0.116586 -0.172425 -0.11063 -0.0949538 -0.203314 
0.112106 0.0411645 -0.129392 0.139692 0.208075 -0.100109 0.0431777 -0.0236612 0.213209 -0.0265073 -0.245116 -0.074677 0.0623983 -0.100107 -0.135203 -0.156354 
-0.117011 -0.0515918 0.0849557 0.120134 -0.102795 0.145322 0.088344 -0.0582864 0.0983459 0.0335666 -0.0760091 0.0846165 -0.0477918 -0.0220311 0.0721484 -0.0972766 
-0.0317942 0.0143366 0.136431 0.0399939 0.13124 -0.0759703 -0.014279 -0.0828678 -0.0879374 0.0186295 -0.382304 0.056117 0.00166592 -0.253073 0.196174 -0.18487 
-0.357697 -0.137907 -0.13087 -0.050271 -0.0236353 -0.118174 -0.0760508 0.00307158 -0.0284457 -0.0480605 -0.113206 -0.0750937 -0.183685 0.0765369 -0.23141 -0.11901 
-0.0845632 0.0452129 -0.000939577 -0.0772441 -0.170427 -0.044178 -0.116486 -0.081924 0.219438 0.26518 -0.05901 -0.156163 -0.017731 -0.258128 -0.205251 -0.0770065 
0.116124 0.0678175 -0.0938 0.142033 0.0286971 0.135309 -0.051254 -0.0469553 -0.115912 0.0829647 -0.0431707 0.0364616 -0.0258896 -0.0973071 -0.0605037 -0.0325349 

Bias: 1 16
0.441951 -0.203052 -0.0414269 -0.122909 0.211911 0.687839 -0.00690016 -0.0926507 -0.0771708 0.0533605 -0.176338 0.12973 -0.150299 0.827934 0.349762 -0.113268 


ReLU_Activation

Linear_Layer
Weights: 16 1
-0.343403 
0.0541963 
-0.0210153 
2.89529 
0.591231 
-0.371656 
0.128735 
-0.0352572 
0.22786 
0.193102 
0.369372 
-0.0737912 
-0.116622 
-0.449559 
-0.215593 
0.206521 

Bias: 1 1
0.609114 


Sigmoid_Activation

