weighted_12month1,872622,22501700,861519,11.5928
weighted_3Dspectralwave,680943,16484823,41353646,109.419
weighted_Bump_2911,2911419,62409240,182040422,104.472
weighted_Cube_Coup_dt0,2164760,62520692,141122350,56.4073
weighted_Cube_Coup_dt6,2164760,62520692,141122350,56.4487
weighted_Emilia_923,923136,20041035,58966194,24.7632
weighted_Flan_1565,1564794,57920625,103006440,73.283
weighted_GAP-road,23947347,28854311,728531771,32.2593
weighted_GL7d17,955128,25977840,Invalid edge 444,1389442
weighted_GL7d18,1548650,35590174,Invalid edge 200,1659190
weighted_GL7d19,1955309,37322138,111567891,451.72
weighted_GL7d20,1911130,29892684,90255932,353.092
weighted_GL7d21,1437547,18174541,53497805,200.471
weighted_Geo_1438,1437960,30859365,91914089,36.7262
weighted_Hardesty3,7591564,40451631,Invalid edge 6962986,7591565
weighted_Hook_1498,1498023,29709711,89467677,19.0302
weighted_Long_Coup_dt0,1470152,42809420,95895653,40.9376
weighted_Long_Coup_dt6,1470152,42809420,95895653,40.9038
weighted_ML_Geer,1504002,54687985,100151080,175.663
weighted_PFlow_742,742793,18197834,43702820,59.0232
weighted_RM07R,381689,19910625,18488369,100.868
weighted_Serena,1391349,31570176,88776577,35.2636
weighted_adaptive,6815744,13624319,237768905,95.7304
weighted_af_shell10,1508065,25582130,96083909,11.0767
weighted_asia_osm,11950757,12711602,373565630,7.04907
weighted_audikw_1,943695,38354076,61237578,26.321
weighted_bone010,986703,35339811,64406968,38.9951
weighted_boneS10,914898,27276762,58643108,15.0292
weighted_cage15,5154859,47022346,278893087,394.179
weighted_channel-500x100x100-b050,4802000,42681371,260107899,327.498
weighted_circuit5M,5558326,26983926,25408133,27.0789
weighted_cit-Patents,3774768,16518946,113693084,77.0657
weighted_com-LiveJournal,3997962,34681188,126561716,28.4015
weighted_com-Orkut,3072441,117185082,153035677,700.327
weighted_delaunay_n23,8388608,25165783,376927826,117.701
weighted_delaunay_n24,16777216,50331600,753706372,243.865
weighted_dgreen,1200611,18529633,69570259,69.9356
weighted_dielFilterV2real,1157456,23690748,71450671,14.0345
weighted_dielFilterV3clx,420408,16232900,27145680,3.48994
weighted_dielFilterV3real,1102824,44101598,71274330,9.50989
weighted_eu-2005,862664,16138468,27078222,28.0599
weighted_europe_osm,50912018,54054659,1585976265,31.8834
weighted_germany_osm,11548845,12369180,357909960,7.23531
weighted_hollywood-2009,1139905,56375711,58755353,41.2752
weighted_hugebubbles-00000,18318143,27470080,620367569,182.416
weighted_hugebubbles-00010,19458087,29179763,667986896,221.543
weighted_hugebubbles-00020,21198119,31790178,727490772,244.45
weighted_hugetrace-00010,12057441,18082178,412726306,122.059
weighted_hugetrace-00020,16002413,23998812,548404825,168.516
weighted_inline_1,503712,18156315,32512612,9.10965
weighted_kmer_U1a,67716231,69389280,2113439697,91.2363
weighted_kmer_V2a,55042369,58608799,1718619660,74.6743
weighted_kron_g500-logn19,524288,21780786,9063903,16.7313
weighted_kron_g500-logn20,1048576,44619401,17006984,41.5079
weighted_kron_g500-logn21,2097152,91040931,31954006,105.186
weighted_ldoor,952203,22785136,60892870,7.48935
weighted_ljournal-2008,5363260,49514271,157804925,31.7523
weighted_mawi_201512012345,18571154,19020159,27084524,3.79203
weighted_mawi_201512020000,35991342,37242709,44560527,7.36877
weighted_mawi_201512020030,68863315,71707479,74924540,14.5635
weighted_mycielskian17,98303,50122870,3441520,34.1837
weighted_mycielskian18,196607,150466915,6897542,184.611
weighted_nlpkkt120,3542400,46651696,136251917,111.927
weighted_nlpkkt160,8345600,110586256,326183126,267.535
weighted_nv2,1453908,25637227,87582841,133.872
weighted_packing-500x100x100-b050,2145852,17488242,115435729,120.599
weighted_patents,3774768,14970765,112809869,68.8601
weighted_rel9,274669,23667161,Invalid edge 186,391047
weighted_relat9,549336,38955400,Invalid edge 88,867285
weighted_rgg_n_2_21_s0,2097152,14487994,117311453,50.4403
weighted_rgg_n_2_22_s0,4194304,30359197,236597538,110.441
weighted_rgg_n_2_23_s0,8388608,63501392,477024678,250.48
weighted_road_central,14081816,16933412,427463414,28.0413
weighted_road_usa,23947347,28854311,728531771,32.1698
weighted_soc-LiveJournal1,4847571,42851237,146212397,29.5648
weighted_soc-Pokec,1632803,22301963,57105470,136.41
weighted_spal_004,321696,46157542,713895,32.7836
weighted_ss,1652680,21879077,93750546,159.775
weighted_sx-stackoverflow,2601977,28183518,42738786,15.1103
weighted_sx-stackoverflow_A2Q,2601977,15786816,41451533,7.88215
weighted_vas_stokes_1M,1090664,26588400,63865543,120.777
weighted_vas_stokes_2M,2146677,48351779,126414990,265.553
weighted_vas_stokes_4M,4382246,97708521,254744269,538.696
weighted_wb-edu,9845725,46236104,204216887,25.5969
weighted_wiki-topcats,1791489,25444207,53035800,34.0538
weighted_wikipedia-20051105,1634989,18540602,41477228,12.101
weighted_wikipedia-20060925,2983494,35048115,74696481,25.347
weighted_wikipedia-20061104,3148440,37043457,78555309,27.7421
weighted_wikipedia-20070206,3566907,42375911,88620616,32.3804
