weighted_12month1,872622,22501700,861519,11.3763
weighted_3Dspectralwave,680943,16484823,41346123,177.27
weighted_Bump_2911,2911419,62409240,181683894,146.226
weighted_Cube_Coup_dt0,2164760,62520692,140826805,65.3063
weighted_Cube_Coup_dt6,2164760,62520692,140826805,65.3107
weighted_Emilia_923,923136,20041035,58899407,24.9339
weighted_Flan_1565,1564794,57920625,102972580,115.423
weighted_GAP-road,23947347,28854311,728519647,34.814
weighted_GL7d17,955128,25977840,Invalid edge 444,1389442
weighted_GL7d18,1548650,35590174,Invalid edge 200,1659190
weighted_GL7d19,1955309,37322138,111429103,533.898
weighted_GL7d20,1911130,29892684,90192275,368.396
weighted_GL7d21,1437547,18174541,53489465,214.232
weighted_Geo_1438,1437960,30859365,91809954,39.5435
weighted_Hardesty3,7591564,40451631,Invalid edge 6962986,7591565
weighted_Hook_1498,1498023,29709711,89458982,19.347
weighted_Long_Coup_dt0,1470152,42809420,95821161,44.3293
weighted_Long_Coup_dt6,1470152,42809420,95821161,44.4454
weighted_ML_Geer,1504002,54687985,100138948,236.04
weighted_PFlow_742,742793,18197834,43698063,90.5895
weighted_RM07R,381689,19910625,18479013,35.7143
weighted_Serena,1391349,31570176,88739799,38.2526
weighted_adaptive,6815744,13624319,237608082,124.108
weighted_af_shell10,1508065,25582130,96000838,11.9544
weighted_asia_osm,11950757,12711602,373564158,6.96903
weighted_audikw_1,943695,38354076,61209832,29.4627
weighted_bone010,986703,35339811,64391872,52.2623
weighted_boneS10,914898,27276762,58638403,17.5236
weighted_cage15,5154859,47022346,278682545,559.081
weighted_channel-500x100x100-b050,4802000,42681371,259262890,430.157
weighted_circuit5M,5558326,26983926,25408133,25.0242
weighted_cit-Patents,3774768,16518946,113670854,84.5095
weighted_com-LiveJournal,3997962,34681188,126557531,27.8679
weighted_com-Orkut,3072441,117185082,152974848,1604.3
weighted_delaunay_n23,8388608,25165783,376897488,157.304
weighted_delaunay_n24,16777216,50331600,753622653,388.193
weighted_dgreen,1200611,18529633,69547401,84.2249
weighted_dielFilterV2real,1157456,23690748,71436965,15.4869
weighted_dielFilterV3clx,420408,16232900,27145680,4.50479
weighted_dielFilterV3real,1102824,44101598,71274330,12.4632
weighted_eu-2005,862664,16138468,27077835,31.6551
weighted_europe_osm,50912018,54054659,1585973251,32.8807
weighted_germany_osm,11548845,12369180,357909944,7.04268
weighted_hollywood-2009,1139905,56375711,58755035,46.0904
weighted_hugebubbles-00000,18318143,27470080,620283362,312.408
weighted_hugebubbles-00010,19458087,29179763,667923827,364.779
weighted_hugebubbles-00020,21198119,31790178,727421132,406.415
weighted_hugetrace-00010,12057441,18082178,412691303,186.034
weighted_hugetrace-00020,16002413,23998812,548358410,262.457
weighted_inline_1,503712,18156315,32507718,10.2903
weighted_kmer_U1a,67716231,69389280,2113439697,88.9831
weighted_kmer_V2a,55042369,58608799,1718619660,72.8561
weighted_kron_g500-logn19,524288,21780786,9063903,16.3477
weighted_kron_g500-logn20,1048576,44619401,17006984,40.6395
weighted_kron_g500-logn21,2097152,91040931,31954006,103.041
weighted_ldoor,952203,22785136,60892482,7.64958
weighted_ljournal-2008,5363260,49514271,157794044,32.6254
weighted_mawi_201512012345,18571154,19020159,27084524,3.68057
weighted_mawi_201512020000,35991342,37242709,44560527,7.13723
weighted_mawi_201512020030,68863315,71707479,74924540,14.0717
weighted_mycielskian17,98303,50122870,3441520,41.374
weighted_mycielskian18,196607,150466915,6897542,240.532
weighted_nlpkkt120,3542400,46651696,131512633,174.186
weighted_nlpkkt160,8345600,110586256,311441118,512.363
weighted_nv2,1453908,25637227,87568817,201.184
weighted_packing-500x100x100-b050,2145852,17488242,115127571,137.006
weighted_patents,3774768,14970765,112793804,72.1946
weighted_rel9,274669,23667161,Invalid edge 186,391047
weighted_relat9,549336,38955400,Invalid edge 88,867285
weighted_rgg_n_2_21_s0,2097152,14487994,117293372,56.5352
weighted_rgg_n_2_22_s0,4194304,30359197,236529870,132.072
weighted_rgg_n_2_23_s0,8388608,63501392,476873075,331.695
weighted_road_central,14081816,16933412,427458345,28.4899
weighted_road_usa,23947347,28854311,728519647,34.7501
weighted_soc-LiveJournal1,4847571,42851237,146195394,29.2992
weighted_soc-Pokec,1632803,22301963,57099021,214.514
weighted_spal_004,321696,46157542,713895,39.94
weighted_ss,1652680,21879077,93736069,237.137
weighted_sx-stackoverflow,2601977,28183518,42738786,14.7136
weighted_sx-stackoverflow_A2Q,2601977,15786816,41451533,7.72173
weighted_vas_stokes_1M,1090664,26588400,63847739,210.203
weighted_vas_stokes_2M,2146677,48351779,126377091,595.764
weighted_vas_stokes_4M,4382246,97708521,254571482,1608.78
weighted_wb-edu,9845725,46236104,204175293,23.9883
weighted_wiki-topcats,1791489,25444207,53032610,38.7321
weighted_wikipedia-20051105,1634989,18540602,41477008,12.2418
weighted_wikipedia-20060925,2983494,35048115,74695836,24.848
weighted_wikipedia-20061104,3148440,37043457,78555306,27.5828
weighted_wikipedia-20070206,3566907,42375911,88619578,31.716
